17467 55
17467 106
14955 69
17144 48
17144 71
17144 111
17144 133
14257 224
14257 227
14343 170
14343 193
14343 241
14343 260
17139 146
17139 325
17497 72
17497 76
17497 118
15017 34
15017 72
15017 183
14955 16
14955 67
14955 161
16038 30
16038 105
16038 338
16038 371
16038 375
14335 14
14335 133
14335 141
14335 194
14343 5
14343 117
14343 161
14343 215
17301 111
17301 126
17301 128
17301 138
17394 220
14830 3
14830 11
14830 12
16946 0
16946 43
16946 112
16946 184
16946 190
16946 269
16946 279
17139 275
17139 278
17139 323
17394 87
17394 119
16040 1
16040 36
16147 324
16147 361
16147 364
16147 367
16946 45
16946 59
16946 66
16946 80
16946 98
16946 237
14257 12
14257 83
14257 183
14257 214
14257 215
14438 72
14438 87
14438 128
14438 134
14438 153
14438 173
14438 249
14438 276
14438 294
17497 22
17497 58
17497 104
14770 90
14770 138
15093 23
15093 60
15222 1
15222 7
15222 31
15222 35
15222 82
15222 111
15222 121
15222 126
15222 220
15222 242
14438 3
14438 17
14438 66
14438 141
14438 151
14438 218
14438 220
16231 10
16231 23
16231 57
16231 68
16231 140
14263 322
14770 19
14770 236
14770 302
14770 306
16231 26
16231 46
16231 69
16231 108
16231 153
16808 4
16808 5
16808 7
16808 14
16808 19
14263 0
14263 190
14263 230
14772 122
14772 156
14772 230
14772 252
14772 263
14712 240
14712 248
14590 6
14590 7
14590 33
14590 45
14590 55
14590 57
14590 59
14590 73
16946 56
16946 90
16946 106
16946 138
16946 173
16946 185
16946 236
14263 73
14263 145
14263 154
14263 246
16066 9
16066 12
16066 15
16066 28
16066 52
17524 307
17308 9
17308 33
17308 72
17308 83
17308 99
17308 101
17308 123
14335 109
14335 217
14335 221
14335 255
14335 293
17497 56
17497 149
17497 186
17440 39
17440 65
17440 88
17440 95
17440 129
17440 149
17497 28
17497 78
17497 129
17144 49
17144 70
17144 75
17144 88
17144 141
17144 163
17308 14
17308 25
17308 43
17308 76
17308 87
17308 92
17308 111
17308 138
14772 93
14772 143
14772 225
14772 239
14772 243
15832 47
15832 76
15832 80
15832 113
15832 116
15832 158
15832 177
14830 13
14830 27
14830 35
16976 76
16976 114
16976 115
14886 29
14886 106
14886 126
14438 8
14438 71
14438 103
14438 169
14438 186
14438 193
14438 245
14438 259
14438 269
14438 270
15832 3
15832 8
15832 65
15832 66
15832 92
15832 124
15832 170
14955 31
14955 70
14955 77
14955 18
14955 42
14955 63
14335 93
14335 98
14335 137
14335 222
14662 26
14662 144
14662 175
14662 179
14662 180
14263 313
14185 2
14185 17
14185 19
14981 40
14981 89
14981 148
17440 37
17440 44
17440 70
17440 157
14886 23
14886 170
14886 172
17497 67
17497 77
17497 89
17099 80
17099 102
17099 103
15799 19
15799 40
15799 51
15799 88
15799 110
15799 152
17524 216
17524 230
17524 247
17524 291
14587 7
14587 20
14587 48
14587 51
14587 81
14587 97
14890 40
14587 119
15160 69
15160 161
15160 178
15160 201
17394 67
15093 102
15093 114
17440 63
17440 135
17440 182
14187 128
14187 134
14185 12
14185 13
14185 14
14187 9
14187 108
14187 115
17440 2
17440 60
17440 82
17440 87
17440 142
17440 143
17440 156
14280 0
14280 49
14343 81
14343 189
14343 289
17497 4
17497 115
17497 204
15160 297
14343 11
14343 80
14343 143
14343 149
14886 15
14886 141
14886 150
15160 97
15160 354
15160 386
15222 2
15222 39
15222 58
15222 90
15222 128
15222 138
15222 140
15222 151
15222 171
15222 199
16047 48
14770 4
14770 51
14770 54
14770 70
14770 99
14770 296
14890 68
14890 114
14890 118
17497 68
17380 3
17380 22
17380 29
17380 31
17380 32
17380 35
17380 43
17380 51
14438 261
14438 292
15093 117
15093 125
16946 17
16946 37
16946 57
16946 91
16946 100
16946 145
16946 223
14886 169
14263 46
17524 21
17524 23
17524 53
17524 93
15832 67
15832 106
15832 152
15832 174
15017 7
15017 19
15017 79
15017 89
16258 1
16258 9
16258 20
16258 24
16258 34
16258 42
14590 17
14590 18
14590 26
14590 29
14590 37
14590 49
14590 65
14590 120
15832 144
15832 146
14662 21
14662 206
14662 263
14662 269
14662 275
14981 26
14981 229
14981 232
14335 313
14981 62
14981 226
14981 239
15093 121
15093 122
14343 320
15093 31
15093 76
14343 10
14343 45
14343 125
14343 133
14981 15
14981 43
14981 190
16122 121
16122 139
16122 208
16122 215
16122 254
16122 283
16122 337
16043 76
14981 217
14662 5
14662 117
14662 156
14662 265
14955 41
14955 52
14955 76
17497 43
17497 102
17497 113
17308 17
17308 158
17524 168
17524 177
17139 29
17139 73
17139 118
17139 162
17139 189
17139 223
14216 57
14216 80
14216 85
14216 93
16066 0
16066 14
16066 16
16066 24
16066 35
16066 42
17449 54
14335 77
14335 79
14335 92
14822 1
14822 36
14822 54
16231 33
16231 72
16231 109
16231 126
16231 154
15160 44
15160 128
17497 101
17497 106
17497 110
14438 73
14438 88
14438 168
14438 204
14438 205
14438 252
17524 2
17524 24
17524 37
17524 108
17497 80
17497 156
14890 29
14890 72
14890 129
14890 135
16147 195
16147 385
16147 398
16453 42
16453 95
16453 232
16453 266
16453 281
14712 6
14712 28
14712 84
14712 113
14712 187
14263 56
14263 176
14263 206
14438 154
14438 184
14438 246
14343 69
14343 153
14343 222
14343 242
15249 29
15249 54
15249 58
16946 21
16946 89
16946 148
16946 156
14263 94
14263 238
14263 254
14280 13
14280 25
14280 30
14981 44
14981 139
14981 199
15160 30
15160 72
15160 80
15160 132
15160 203
15160 352
15160 358
17301 17
17301 39
17301 53
17301 65
17301 86
17301 112
17301 127
14770 125
14770 155
14770 161
14770 227
14770 282
17196 7
17196 19
17196 26
17196 42
17196 55
17196 56
17196 57
17196 58
17196 64
15017 8
15017 20
15017 61
16147 20
16147 69
16147 168
16147 221
16147 279
16147 321
16946 73
16946 149
16946 232
16946 244
14263 62
14263 136
14263 283
14590 25
14590 31
14590 32
14590 82
14590 122
14590 145
14712 16
14712 20
14712 51
14712 54
14712 67
14185 15
14185 30
14185 35
14185 37
17308 46
17308 168
17524 3
17524 151
17524 158
17524 160
14187 64
14187 104
14187 124
14187 133
17467 8
17467 13
17467 14
17467 83
14712 53
14712 100
14712 125
14712 144
14712 181
16944 21
16944 158
16944 248
16944 288
17467 6
17467 9
17467 19
17467 96
14187 14
14187 30
14187 53
17380 6
17380 23
15017 55
15017 179
17099 3
17099 19
17099 50
17099 82
17099 85
17099 86
17099 95
15249 13
15249 45
15249 55
15249 116
15799 7
15799 37
15799 93
15799 181
15799 198
15799 211
14890 21
14890 46
14890 79
16555 92
16555 151
16555 154
16555 173
15249 17
15249 23
15249 84
15249 87
14886 11
14886 37
14886 57
14886 100
14343 17
14343 208
14343 211
14343 214
17301 0
17301 5
17301 7
17301 31
17301 35
17301 49
17301 55
17301 71
17301 82
17301 101
14662 119
14662 186
14662 240
14662 257
14187 24
14187 91
14187 106
14257 33
14257 51
14257 136
14257 139
14257 155
14343 20
14343 194
14343 197
14343 249
17557 80
17557 84
17557 85
17557 95
14136 34
14136 51
14136 55
14216 17
14216 49
14216 60
14216 64
14216 82
14216 83
14438 117
14438 233
14438 278
14438 280
16555 15
16555 147
16555 156
16555 177
16555 185
17144 41
17144 91
17144 94
17144 107
17144 184
16793 25
16793 31
16793 32
16793 40
15017 38
15017 101
15017 125
14890 52
14890 84
14890 99
14890 117
15160 78
15160 323
15160 374
15160 391
15160 401
16122 109
16122 450
16122 519
14822 60
14335 9
14335 96
14335 126
14335 129
14335 184
17524 8
17524 178
14981 196
14587 5
14587 64
14587 93
14587 99
17394 22
17394 24
17394 53
17394 64
17394 91
17394 102
17394 169
17394 201
17394 211
17139 37
17139 273
15799 2
15799 105
15799 119
15799 120
15799 141
15799 183
14772 51
14772 127
14772 183
14772 232
14772 270
14257 58
14257 212
15160 150
15160 218
15160 273
15160 274
14343 34
14343 47
14343 67
16066 11
16066 21
16066 22
16066 30
14955 22
14955 28
14955 66
14453 122
14453 220
14590 4
14590 20
14590 36
14590 43
14590 77
14590 83
14590 98
14590 118
17224 0
17224 21
17224 51
17301 26
17301 33
17301 45
17301 84
17301 88
17301 92
17301 109
14263 26
14263 243
14280 24
14280 35
14280 61
14335 111
14335 125
14335 214
14335 227
14335 235
17524 6
17524 13
17524 98
17524 146
14453 111
14453 135
14453 190
15017 1
15017 51
15017 100
15017 115
16453 118
16453 216
16453 265
16453 299
16453 342
14662 53
14662 94
14662 153
14662 208
14662 227
14216 4
14216 6
14216 16
14216 42
14216 69
14257 30
14257 73
14257 79
14257 221
14257 231
17301 29
17524 193
17524 224
17524 262
17524 311
16258 11
16258 22
16258 47
16258 55
16258 58
17139 87
17139 206
17139 299
14890 13
14890 70
14890 85
14890 110
14438 275
14438 288
14257 55
14257 84
14257 159
14257 160
14257 194
15160 175
15160 177
15160 333
15160 370
15160 393
14890 16
14890 66
14890 95
14770 28
14770 31
14770 133
14770 195
14770 225
15832 84
15832 156
15832 173
15093 54
15093 70
16038 171
16038 177
16038 208
16038 212
15832 1
15832 33
15832 68
15832 82
15832 90
15832 166
15832 179
17301 30
17301 79
17301 90
14438 34
14438 47
14438 107
14438 146
14438 148
14438 149
14438 177
14438 180
16555 74
16555 80
16555 98
16555 108
16555 146
14981 32
14981 146
14981 166
14981 68
14981 149
14981 209
14772 209
16453 179
16453 252
16453 336
16453 371
16453 381
14438 41
14438 78
14438 286
15160 9
15160 82
15160 151
15160 220
15160 299
17557 29
17557 106
17557 108
17557 128
14712 2
14712 94
14712 131
14712 186
14712 204
16946 116
16946 127
16946 168
16946 191
16946 222
16946 253
16946 254
16946 267
14662 31
14662 41
14662 61
14662 216
14772 43
14772 128
14772 145
14772 236
14772 274
14770 16
14770 71
16147 25
16147 122
16147 134
16147 172
16147 271
16147 291
16147 363
14770 92
14770 98
14770 203
14770 231
14257 64
14257 184
14257 207
14257 213
15093 99
15093 116
14187 130
14187 131
15832 0
15832 97
15832 100
15832 111
15832 126
15832 150
15832 164
14590 12
14590 58
14590 89
14590 139
14590 150
14590 151
14280 2
14280 52
14280 55
14187 29
14187 58
14187 127
17308 53
17308 149
17308 169
14263 179
14263 250
14263 257
14263 269
14981 66
14981 78
14981 147
16038 42
16038 219
16038 394
14136 63
17449 2
17449 18
17449 25
17449 28
17449 35
17497 252
14981 73
14981 86
14981 189
14712 72
14712 89
14712 150
14712 164
14712 198
15249 9
15249 27
15249 123
15249 126
16038 39
16038 428
16038 432
16038 439
16047 56
14890 51
17524 26
17524 63
17524 90
17524 123
17524 148
14187 137
15832 175
17301 3
17301 8
17301 15
17301 34
17301 66
17301 81
17301 91
17301 106
17301 113
17467 4
17467 28
17467 54
17467 68
16944 57
16944 76
16944 162
16944 186
16944 250
16944 303
14981 168
16946 6
16946 23
16946 151
16946 166
16946 197
16946 248
17497 116
17497 154
17497 183
16944 0
16944 14
16944 24
16944 47
16944 243
16944 274
16038 236
16038 254
16038 284
16038 359
16038 431
14587 118
14981 141
14981 167
14981 183
15222 34
15222 98
15222 109
15222 124
15222 160
15222 165
15222 185
15222 214
15222 225
15222 231
17524 293
14590 14
14590 35
14590 62
14590 67
14590 79
14590 93
14590 99
14590 104
17099 22
17099 24
17099 107
14241 7
14241 8
14241 9
15799 126
15799 216
15799 236
15160 18
15160 56
15160 133
15160 280
14343 89
14343 292
14343 294
14257 102
14257 118
14257 165
14257 176
14257 180
15799 48
15799 143
15799 161
15799 164
15799 201
15799 224
17223 0
17223 16
17223 17
17223 18
17223 19
14981 21
14981 124
14981 159
17557 28
17557 47
17557 54
17557 120
15799 6
15799 133
15799 178
15832 29
15832 34
15832 42
15832 59
15832 110
15832 123
15832 125
16453 90
16453 110
16453 116
16453 270
16453 282
16453 300
15160 14
15160 51
15160 129
15160 265
15160 309
14343 110
14343 274
14453 16
14453 20
14453 75
14453 82
14453 124
14453 164
14453 167
14886 5
14886 36
14886 79
14886 131
14662 76
14662 93
14662 98
14662 163
14662 202
14662 218
17301 4
17301 10
17301 75
17301 80
17301 95
17301 108
14438 100
14438 101
14438 119
14438 129
14438 258
14438 264
14438 277
16122 59
16122 137
16122 227
16122 369
16122 442
15017 41
15017 53
15017 66
15017 113
15017 131
15017 150
16122 148
16122 383
16122 501
16038 89
16038 258
16038 278
16038 345
16038 386
16038 392
17099 16
17099 89
14343 1
14343 25
14343 186
14343 319
17139 78
17139 155
17139 252
14712 13
14712 78
14712 135
14712 221
14712 226
14712 237
14733 15
14733 23
14733 29
14733 47
14263 261
15017 45
15017 135
15017 167
16212 19
16212 31
16212 52
16212 64
16212 68
16212 71
16038 159
16038 168
16038 303
16038 379
14886 59
14886 87
14886 119
14886 31
14886 98
14453 29
14453 142
14453 200
14453 212
14453 221
14257 188
14257 201
14257 217
14257 220
14890 7
14890 47
14890 77
14822 11
14822 19
14822 45
17557 10
17557 34
17557 68
17557 144
17557 148
15017 28
15017 124
15017 134
15017 189
14438 63
14438 194
15832 77
15832 117
15832 178
16976 16
16976 148
14335 223
15093 52
15093 79
14890 17
14890 39
14890 124
16147 130
16147 378
14890 36
14890 54
14890 103
17196 17
17196 22
17196 28
17196 32
17196 33
17196 46
17196 62
16445 13
16445 20
16445 22
17301 14
17301 38
17301 56
17301 74
17301 89
17301 104
17301 123
17301 129
17394 12
17394 57
17394 59
17394 63
17394 128
17394 149
17394 182
17394 197
17394 207
17394 208
14712 3
14712 142
14712 174
14712 220
15093 64
15093 106
16453 45
16453 98
16453 180
16453 243
16453 347
17497 125
17497 135
17497 176
15249 46
15249 110
17144 183
14335 261
14335 282
14335 283
14335 292
15093 97
15093 118
14981 34
14981 204
14185 1
14185 4
14185 16
14185 24
15160 255
15160 366
15160 369
15160 389
14772 22
14772 87
14772 91
14772 279
15222 15
15222 144
15222 146
15222 176
15222 211
15222 236
14343 52
14343 91
14343 175
14343 184
15017 2
15017 12
15017 154
15017 156
14955 49
14955 87
14955 112
17196 65
17099 74
17099 96
14822 41
14822 46
14822 49
14772 28
14772 67
14772 72
14772 185
14772 262
15160 47
15160 74
15160 116
15160 285
15160 287
14216 8
14216 111
14216 113
15093 39
15093 42
14257 54
14257 125
14257 134
14257 135
17139 1
17139 105
17139 184
17139 190
17139 224
17139 290
17139 313
16122 8
16122 46
16122 99
16122 105
16122 387
14981 80
14981 131
14981 249
14257 98
14257 148
14257 162
14257 195
16038 36
16038 107
14733 14
14733 17
14733 26
14733 64
14733 68
16555 188
15222 23
15222 37
15222 62
15222 79
15222 120
15222 132
15222 145
15222 148
15222 168
15222 196
17144 29
17144 39
17144 42
17144 85
17144 153
17144 159
16038 8
16038 179
16038 395
16038 411
14335 0
14335 101
14335 107
14335 201
14335 246
15017 47
15017 93
15017 94
14886 121
14886 127
14886 130
14886 143
14438 21
14438 95
14438 102
14438 118
14438 139
14438 143
14438 212
14662 36
14662 40
14662 68
14662 85
14662 221
17301 117
14662 11
14662 71
14662 79
14662 110
14662 132
17144 1
17144 18
17144 62
17144 115
17144 128
16813 6
16813 8
16813 14
16813 32
15017 6
15017 21
15017 67
17557 160
16147 19
16147 57
16147 58
16147 201
16147 259
16147 294
16147 297
14886 44
14886 105
14886 149
17196 61
14257 22
14257 27
14257 53
14257 109
14257 121
14662 12
14662 47
14662 99
14662 171
14662 172
14662 190
14343 35
14343 159
14343 207
14343 220
17139 6
17139 32
17139 133
17139 174
17139 244
17139 276
17139 297
17394 7
17394 9
17394 49
17394 77
17394 98
17394 99
17394 192
17394 200
17394 209
17394 226
17524 207
17524 257
17524 279
17524 290
17524 297
17139 17
17139 63
17139 170
17139 181
17139 251
17139 267
16814 40
14187 136
16976 6
16976 22
16976 37
16976 60
16976 120
16976 129
16976 134
16976 139
14263 110
14263 150
14263 202
17497 38
17497 120
17497 122
17497 167
17139 71
17139 107
17139 131
17139 222
17139 226
17139 227
17139 238
14263 270
16453 50
16453 378
16122 36
16122 412
15160 39
15160 109
15160 371
15160 376
14772 97
14772 115
14772 135
14772 163
14772 273
14335 3
14335 61
14335 69
14335 203
17139 27
17139 88
17139 113
17139 116
17139 124
17139 208
17139 216
17139 233
17144 5
17144 6
17144 166
17144 176
14981 17
16946 75
16946 92
16946 135
16946 216
16946 228
14955 33
14955 143
14955 151
15249 75
14886 1
14886 7
14886 142
14770 159
14770 163
14770 234
14770 241
14770 18
14770 53
14770 65
14770 86
14770 263
14981 39
14981 126
14981 153
14981 60
14981 108
14981 185
14770 130
14890 19
14890 20
14890 67
16944 19
16944 111
16944 272
16683 45
16683 48
14587 102
14587 108
14136 13
14136 69
14136 74
16555 77
16555 97
16555 104
16555 159
14263 52
14263 205
14263 258
14438 24
14438 31
14438 44
14438 48
14438 115
14438 140
14438 158
17497 93
17497 98
17497 235
16040 6
16040 131
16040 136
14335 34
14335 260
14335 272
14335 278
14343 103
14343 104
14343 122
16944 67
16944 95
16944 109
16944 134
16944 234
16944 268
14263 34
14263 41
14263 208
17301 2
17301 13
17301 41
17301 43
17301 47
17301 67
17301 69
17301 73
17301 119
14662 9
14662 25
14662 35
14662 70
14662 162
14662 222
14263 33
14263 226
15799 28
15799 57
15799 147
15799 238
14257 32
14257 48
14257 71
14257 113
17308 11
17308 23
17308 29
17308 34
17308 44
17308 117
17308 141
14343 71
14343 88
14343 172
14343 200
14438 104
14438 289
14438 291
14280 15
14280 17
14280 40
14280 58
16944 107
16944 236
16944 275
15222 9
15222 13
15222 14
15222 68
15222 88
15222 112
15222 133
15222 141
15222 158
15222 222
16944 7
16944 68
16944 91
16944 118
16944 120
16944 194
16944 221
16944 224
16944 256
17497 95
17497 198
17497 211
15160 343
15160 368
15160 378
15160 380
15160 403
14263 28
14263 51
14263 157
14263 241
14712 193
16946 62
16946 119
16946 144
16946 146
16946 221
16946 260
14770 115
14770 141
14770 158
14770 167
14770 294
14770 307
14662 51
14662 138
14662 188
14662 215
14662 0
14662 7
14662 10
14662 83
14662 107
14662 118
14662 164
14590 1
14590 42
14590 52
14590 64
14590 114
14590 127
14590 134
17139 2
17139 280
17139 296
16038 14
16038 59
16038 202
16038 263
16038 327
14770 139
14770 204
14770 216
14770 232
15249 5
15249 38
15249 88
15249 132
14822 12
14822 29
14822 40
14712 25
14712 136
14712 149
14712 197
15438 2
15438 15
15438 17
15438 20
16204 4
16204 9
16204 29
16204 85
15093 11
15093 12
17467 1
17467 12
17467 62
14263 312
14263 314
14263 320
14955 35
14955 111
14955 133
14953 11
14830 46
16147 26
16147 51
16147 93
16147 219
16147 223
16147 237
16147 246
16147 269
16147 318
16147 359
17524 87
17524 100
17524 147
17524 179
17524 184
15550 2
15550 7
17099 49
17144 9
17144 73
17144 74
17144 154
17144 160
14187 62
14187 119
14187 132
14772 11
14772 66
14772 92
14772 195
14772 290
14335 36
14335 41
14335 52
14335 99
14335 210
14335 236
14335 174
14335 301
14335 302
14335 309
16258 13
16258 61
16258 67
15438 10
15438 19
15222 217
15222 218
15222 229
14772 77
14772 192
14772 242
14772 255
14335 12
14335 59
14335 114
14335 165
14335 192
14263 12
14263 140
14263 186
14263 237
14712 58
14712 124
15093 13
15093 115
14712 0
14712 79
14712 133
14712 228
16122 513
16122 517
16122 540
14955 58
14955 108
14955 148
14955 155
14335 71
15093 16
15093 90
14335 117
14335 144
14335 198
14335 218
14335 306
14335 314
14335 95
14335 102
14335 295
14263 42
14263 77
14263 218
17308 10
17308 84
17308 125
17308 166
14438 12
14438 29
14438 57
14438 86
14438 136
14438 160
14438 262
14438 183
14438 226
14438 281
16040 105
16040 119
16040 120
16040 137
16038 44
16038 70
16038 321
16038 372
16038 383
15160 35
15160 261
15160 304
15160 347
15222 19
15222 38
15222 155
15222 162
15222 226
15222 230
15222 234
14955 89
14955 144
14955 163
15160 31
15160 37
15160 57
15160 126
14335 18
14335 40
14335 94
14335 176
14335 242
15799 3
15799 33
15799 44
15799 58
15799 98
15799 137
15799 180
14335 5
14335 24
14335 147
14335 239
14335 294
16147 67
16147 70
16147 184
16147 277
16147 293
16147 301
16147 336
14335 89
14335 166
14335 182
14335 238
14335 253
14335 29
14335 181
14335 189
14335 199
14335 228
14257 131
14335 21
14335 224
14335 268
14335 298
14712 17
14712 90
14712 123
14712 205
16944 2
16944 13
16944 69
16944 75
16944 129
16944 205
14187 67
14830 51
14830 54
14343 146
14343 305
17449 36
16038 41
16038 88
16038 187
16038 221
15017 0
15017 29
15017 96
14453 205
15160 87
15160 236
15160 279
15160 384
16204 23
16204 27
16204 28
16204 30
16204 63
16204 89
14343 281
14343 288
14343 12
14343 156
14343 157
14343 227
14187 17
14187 23
14187 35
16066 18
16066 25
16066 31
16066 33
16066 51
14257 106
14257 108
14257 129
14257 228
14257 232
14257 235
14263 17
14263 84
16038 87
16038 136
16038 314
16038 351
14712 4
14712 76
14712 179
14712 206
14216 3
14772 36
14772 44
14772 144
14772 212
14772 277
14772 287
14438 28
14438 58
14438 59
14438 125
14438 171
14438 188
14438 214
17467 100
17467 114
14187 12
14343 19
14343 253
14343 317
17449 8
17449 14
17449 16
17449 21
14453 213
14453 216
15093 32
15093 81
14453 204
14453 208
17224 2
17224 16
17224 34
17224 55
17224 59
16212 29
16212 66
16212 74
16212 76
17139 194
17139 217
17139 218
17139 246
15018 1
15018 5
15018 6
17144 44
17144 63
17144 67
17144 87
17144 122
17144 135
14981 253
17449 13
17449 58
15160 398
14280 23
14280 32
14280 41
15017 14
15017 151
15017 177
17440 31
17440 35
17440 55
17440 56
15160 34
15160 95
15160 127
15160 249
15160 291
15160 312
14981 36
14981 76
14981 95
14343 182
14343 210
14343 251
14343 270
16453 195
16453 214
16453 241
16453 298
17440 5
17440 29
17440 105
17440 107
17440 128
17440 131
15160 67
15160 174
15160 271
15160 373
14955 24
14955 25
14955 60
14453 27
14453 59
14453 90
14453 97
14453 145
14453 161
14453 176
14453 188
15160 77
15160 85
15160 113
15160 253
15550 0
15550 1
15550 3
15550 17
14136 4
14136 8
14136 40
14136 41
17144 4
17144 15
17144 84
17144 157
17144 167
14712 38
14712 49
14712 109
14712 182
14712 222
15249 51
15249 72
15249 91
15249 127
15249 142
16147 34
16147 43
16147 92
16147 212
16147 247
16147 251
16147 358
16147 368
17497 0
17497 14
17497 94
17497 138
17497 223
14712 180
14712 234
15051 22
14587 12
14587 18
14587 23
14587 35
14587 50
14587 55
14587 65
15160 16
15160 90
15160 107
15160 240
15160 316
17497 19
17497 27
17497 71
17497 100
17497 179
17144 13
17144 36
17144 169
17144 171
17144 175
17524 16
17524 39
17524 66
17524 69
15222 25
15222 65
15222 71
15222 102
15222 125
15222 150
15222 172
15222 178
15222 181
15222 187
15799 75
15799 162
15799 176
15799 194
15799 195
15093 84
15093 92
14257 40
14257 133
14257 137
14257 141
14257 143
17497 91
17497 190
17497 220
14343 28
14343 31
14343 42
14343 234
14955 105
14263 220
14263 233
15018 7
15018 8
15018 11
14712 14
14712 23
14712 115
14712 157
14712 207
14712 48
14712 77
14712 153
14712 166
14830 5
14830 36
14830 41
17139 98
17139 215
17139 239
17139 270
14187 6
14187 40
14187 63
14187 93
16453 38
16453 91
16453 228
16453 309
16453 333
17394 240
14890 56
14890 83
14890 98
14770 20
14770 30
14770 32
14770 174
17497 108
17497 182
17308 21
17308 27
17308 39
17308 62
17308 71
17308 104
17308 112
14438 46
14438 166
14438 265
14187 44
14187 52
14187 83
14263 14
14263 90
14263 118
16212 77
14263 139
14263 184
14263 247
16946 226
16946 243
16946 256
17144 34
17144 51
17144 76
17144 126
17144 134
17144 140
17394 249
17497 96
17557 101
17557 135
14280 19
14280 51
14280 56
14335 86
14335 121
14335 211
14335 241
14335 275
17524 225
17524 248
17524 277
17524 278
17524 14
17524 52
17524 55
17524 111
17524 122
17524 212
16944 49
16944 59
16944 96
16944 102
16944 105
16944 175
16944 235
16944 291
17394 29
17394 86
17394 130
17394 134
17394 145
17394 157
17394 178
17394 190
17394 224
15051 5
14343 130
14343 183
14343 273
14886 118
14886 125
14886 129
14886 132
15017 25
15017 76
15017 132
14955 21
14955 107
14955 142
17139 0
17139 28
17139 38
17139 52
17139 92
17139 126
17139 180
17139 187
14587 1
14587 2
14587 14
14587 25
14587 32
14587 59
14587 67
14587 92
14772 54
14772 101
14772 112
14772 150
14772 249
14343 108
14343 129
14343 145
14712 32
16555 10
16555 56
16555 58
16555 144
16555 155
15799 4
15799 35
15799 61
15799 154
15799 218
15799 246
14257 25
14257 156
14257 161
14257 198
14257 199
17497 40
17497 133
17497 193
17497 221
14263 287
17497 99
17497 163
17497 229
14772 125
14772 181
14772 245
14772 247
14772 289
16555 7
16555 43
16555 44
16555 117
17467 3
17467 35
17467 42
17467 60
15093 58
15093 103
16040 39
16040 52
16040 56
16040 63
16040 104
16147 5
16147 21
16147 42
16147 77
16147 166
16147 199
14343 38
14343 166
14343 233
14343 283
14343 58
14343 201
14343 252
14343 282
15249 92
15249 149
14662 260
17557 30
17557 38
17557 59
17557 90
17524 255
17524 296
17524 298
17524 310
14981 88
14981 137
14981 234
14335 152
14335 209
14335 254
14335 267
14335 289
16147 3
16147 332
16147 152
16147 156
16147 399
15160 48
15160 106
15160 163
15160 192
15160 238
14136 2
14136 50
14136 61
15799 25
15799 30
15799 59
15799 132
15799 170
15799 188
15799 215
15799 229
14280 29
14280 57
14280 71
15093 6
15093 67
14772 260
17308 7
17308 32
17308 118
17308 161
15160 17
15160 88
15160 134
15160 272
15160 379
17524 188
17524 199
17524 223
17524 271
17524 309
17524 17
17524 33
17524 35
17524 99
17301 134
14886 43
14886 46
14886 113
14886 160
14662 13
14662 56
14662 173
14662 177
14662 201
14662 225
16040 3
16040 14
16040 54
16040 97
14343 3
14343 99
14343 229
14343 250
14981 57
14981 67
14981 179
14587 34
14587 36
14587 42
14587 54
14587 61
14587 63
14587 83
14587 84
14587 89
14587 15
14587 115
14438 79
14438 172
17196 2
17196 3
17196 4
17196 20
17196 21
17196 23
17196 37
17196 54
14216 56
14216 73
14216 112
14216 114
14216 116
17301 28
17301 52
17301 133
17467 97
17467 112
16944 51
16944 80
16944 145
16944 176
16944 181
16944 207
14187 21
14187 25
14187 70
14712 52
14712 71
14712 104
14712 137
16040 98
16040 122
16040 129
16040 135
15093 20
15093 107
16555 19
16555 46
16555 67
14772 25
14772 136
14772 176
14772 188
14772 231
14438 37
14438 235
14438 256
14438 282
17224 56
14335 252
15799 41
15799 177
15799 255
17440 11
17440 43
17440 76
17440 109
17440 136
17440 165
17440 176
17440 181
17440 187
16147 7
16147 17
16147 24
16147 33
16147 137
16147 313
16147 323
16122 15
16122 19
16122 214
16122 318
16122 323
16122 397
16122 479
14263 63
14263 141
14263 163
14335 151
14335 202
14335 300
16976 82
17557 11
17557 66
17557 82
17557 137
14981 20
14981 180
14981 191
14890 122
16038 58
16038 104
16038 151
16038 199
14981 91
14981 247
14981 254
17380 49
17380 52
14343 318
14890 128
14136 12
14136 30
14136 38
16613 1
16613 3
17308 4
17308 49
17308 60
17308 68
17308 86
17308 93
17308 102
17308 137
17308 140
17308 162
16453 55
16453 56
16453 150
16453 165
16453 304
14955 119
16204 10
16204 24
16204 54
16204 59
16204 62
16204 95
16555 179
16944 90
16944 126
16944 299
15160 276
16066 32
16066 43
14712 40
14712 218
14712 236
14712 247
14587 0
14587 8
14587 22
14587 31
14587 49
14587 66
14587 73
14587 96
14587 105
17394 56
17394 71
17394 88
17394 94
17394 129
17394 135
17394 195
17394 214
14981 30
14981 140
14981 212
14187 0
14187 33
14187 43
17557 36
17557 88
17524 10
17524 15
17524 88
17524 89
16683 17
16683 28
14712 22
14712 75
14712 154
14712 215
14712 229
15093 3
15093 41
15222 5
15222 45
15222 72
15222 84
15222 92
15222 137
15222 149
15222 191
15222 198
15222 228
14772 17
14772 68
14772 96
14772 199
14772 268
17144 3
17144 22
17144 95
17144 125
17144 138
17144 149
15093 5
15093 112
16047 14
16047 29
16047 37
16047 41
14772 162
14772 175
14772 180
14772 283
14822 57
14886 27
14886 40
14886 95
16204 3
16204 19
16204 57
16204 83
16204 92
16944 37
16944 137
16944 140
16944 152
16944 214
16038 247
16038 399
16793 13
16793 59
16793 64
16793 66
14453 121
14453 139
14453 153
14343 48
14343 57
14343 119
14343 226
15017 18
15017 119
15017 142
14187 42
14187 47
14187 80
17139 4
17139 26
17139 40
17139 41
17139 64
17139 82
17139 115
14438 274
14438 283
14343 21
14343 155
14343 158
14343 307
14770 118
14770 172
14770 199
14770 250
15017 148
15017 193
15017 196
17196 18
17196 30
15017 39
15017 68
15017 149
17440 48
17440 71
17440 80
17440 118
17440 126
17440 159
17497 55
17497 66
17497 151
16122 20
16122 491
15017 50
15017 112
15017 168
15017 180
14955 159
14955 170
14955 174
17308 36
17308 37
17308 82
17308 110
17308 130
17308 148
14263 37
14263 53
14263 166
15017 5
15017 58
15017 84
15017 116
14772 6
14772 52
14772 108
14772 141
14772 240
17224 5
17224 8
17224 19
17224 27
17224 38
17224 45
17524 31
17524 62
17524 92
17524 107
17524 139
14662 22
14662 52
14662 124
14662 167
14662 231
14772 81
14772 102
14772 107
14772 220
14187 3
14187 26
14187 120
15160 321
15160 348
15832 115
15832 141
15832 183
15249 22
15249 43
15249 130
15249 135
16122 74
16122 134
16122 242
16122 388
16122 415
16122 426
16122 427
16122 527
14335 284
16944 61
16944 101
16944 106
16944 174
16944 191
16944 229
16944 238
16944 266
17524 36
17524 41
17524 58
17524 79
17524 131
14216 28
14216 45
14216 50
14216 53
14263 7
14263 99
14263 165
14886 72
14886 89
14886 112
16231 1
16231 38
16231 54
16231 160
14712 59
14712 73
14712 151
14712 194
14712 208
14770 162
14770 173
14770 213
14770 233
14438 156
14438 244
14453 12
14453 81
14453 136
14453 159
14453 170
14453 172
14438 7
14438 23
14438 106
14438 165
14438 209
14438 219
14438 231
16204 14
16204 47
16204 60
16204 67
16204 91
14981 56
14981 218
14981 246
16944 71
16944 155
16944 237
16944 295
16944 298
16944 302
16944 305
16944 308
14662 1
14662 81
14662 149
14662 176
14662 235
14590 0
14590 105
14590 135
14590 86
14590 131
14590 137
14590 138
14343 64
14343 96
14343 212
14343 238
14343 268
14981 3
14981 102
14981 128
17144 40
17144 68
17144 92
17144 105
17139 58
17139 90
17139 93
17139 166
17139 173
17139 288
17139 327
17380 25
17380 27
16814 6
16814 24
16814 30
16814 36
17524 30
17524 94
17524 116
17524 161
17308 81
17308 157
17308 167
17139 13
17139 81
17139 220
17139 307
15832 5
15832 9
15832 30
15832 41
15832 49
15832 81
15832 95
14662 28
14662 49
14662 84
14662 100
14662 242
16453 9
16453 79
16453 112
16453 280
16453 318
14453 46
14453 94
14453 117
14453 123
14453 129
14453 168
14770 126
14770 166
14770 185
14770 206
17196 11
17196 24
17196 38
17196 41
17196 45
17196 47
17196 59
17196 60
17497 254
16944 36
16944 64
16944 87
16944 97
16944 239
17394 233
17394 246
15160 33
15160 383
14257 39
14257 65
14257 86
14257 192
15249 7
15249 59
15249 70
15249 78
14263 88
14263 201
14263 221
15832 26
15832 70
15832 79
15832 107
15832 120
15832 121
15832 129
14280 9
14280 18
14280 31
16814 31
16814 38
14216 79
14886 78
14886 81
14886 92
14772 1
14772 56
14772 71
14772 94
14772 253
16453 183
16453 257
16453 319
16453 331
15799 96
15799 145
15799 241
15799 269
16453 36
16453 40
16453 63
16453 70
16453 219
14770 46
14770 75
14770 151
14770 181
17144 61
17144 64
17144 83
17144 104
17144 137
14343 311
14343 321
14343 181
14343 300
14587 21
14587 27
14587 106
14587 116
16038 149
16038 172
16038 184
16038 235
16038 271
16038 408
14257 31
14257 82
14257 142
14257 223
17139 25
17139 59
17139 305
17139 318
17139 330
14453 10
14453 33
14453 64
14453 91
14453 144
14453 160
14453 163
17139 14
17139 96
17139 139
17139 164
17139 202
17139 306
16204 0
16204 1
16204 49
16204 103
16204 108
15160 146
15160 167
15160 228
15160 232
15160 310
17380 2
17380 7
17380 11
17380 15
17380 26
17380 33
17380 37
17380 47
17557 52
17557 81
17557 122
17557 127
16231 0
16231 4
16231 21
16231 67
16231 98
15017 105
15017 117
15017 141
15017 158
14257 21
14257 61
14257 88
14257 204
17557 87
17557 132
17557 157
17557 172
16038 24
16038 248
16038 304
16038 340
15832 11
15832 14
15832 78
15832 83
15832 96
15832 153
15832 162
14770 29
14770 243
14890 9
14890 43
14890 108
15051 0
15051 6
15051 18
14712 184
14981 133
14981 197
14981 213
14981 103
14981 120
14981 155
14587 6
14587 9
14587 16
14587 19
14587 30
14587 41
14587 77
14587 78
14587 86
14587 87
14830 6
14830 31
14830 49
17440 45
17440 64
17440 67
17440 170
16453 49
16453 218
16453 364
16453 380
16453 384
17497 97
17497 188
17497 195
15799 52
15799 77
15799 248
15160 46
15160 263
15160 320
15160 345
17440 26
17440 77
17440 110
17440 111
17440 116
17440 137
17440 177
15093 49
15093 86
17224 12
17224 20
17224 26
17224 30
17224 31
14662 106
14662 109
14662 131
14662 139
14662 185
17224 3
17224 10
17224 14
17224 28
17224 41
17224 42
14830 10
14830 21
14830 34
14438 113
14438 162
14438 164
14438 203
14438 234
14438 237
16976 48
16976 61
16976 81
16976 96
16976 118
16976 122
14263 18
14263 30
14263 196
14257 2
14257 23
14257 112
14257 152
17497 51
17497 70
17497 140
14590 9
14590 13
14590 56
14590 66
14590 74
14590 87
14590 102
14590 108
14662 18
14662 87
14662 103
14662 205
14662 232
17467 27
17467 101
17196 53
14263 45
14263 264
14263 306
16453 135
16453 239
16453 240
16453 260
15799 17
15799 47
15799 63
15799 74
15799 159
15799 200
15249 73
15249 111
14263 16
14263 278
14712 18
14712 82
14712 145
14712 155
17524 192
17524 195
17524 236
17524 243
17524 280
14263 160
14263 180
14263 194
17467 17
17467 23
17467 51
17467 88
14770 3
16147 61
16147 193
14438 6
14438 14
14438 83
14438 91
14438 94
14438 110
14438 227
16453 20
16453 64
16453 78
16453 217
16793 0
16793 1
16793 15
16793 17
16793 27
14343 191
14343 198
14343 209
15799 207
15799 272
14981 46
14981 53
14981 188
14830 50
17144 33
17144 46
17144 131
17144 148
16453 15
16453 167
16453 193
16453 288
16453 307
14770 134
14335 16
14335 108
14335 124
14335 186
14955 4
14955 95
14955 120
17301 1
17301 42
17301 94
17301 97
17301 99
17301 116
17301 121
17301 124
17467 103
17467 107
17467 113
14590 10
14590 19
14590 21
14590 39
14590 68
14590 76
14590 110
14590 116
14453 26
14453 54
14453 131
14453 150
14453 171
14453 189
14453 195
14772 70
14772 124
14772 201
14772 204
14772 250
14772 272
14263 234
14263 311
14263 318
14453 44
14453 77
14453 137
14770 176
14770 212
14770 274
14770 305
14886 0
14886 58
14886 93
14886 138
16147 56
16147 80
16147 103
16147 231
16147 320
16147 343
16147 352
15550 8
15550 13
15550 15
15550 18
15160 247
15160 260
15160 290
15160 357
14772 62
14772 84
14772 89
14772 110
14772 275
14772 117
14772 118
14772 291
14772 294
14263 38
14263 78
14263 124
14955 101
14955 145
14955 146
15051 11
15051 14
15051 16
14955 50
14955 55
14955 71
14955 128
16555 24
16555 41
16555 54
16555 68
16147 1
16147 108
16147 344
16147 370
14280 45
14280 46
14280 74
14890 3
14890 6
14890 33
16122 83
16122 97
16122 174
16122 189
16122 230
16122 301
16122 360
14981 69
14981 222
14981 244
14343 54
14343 187
14343 272
17144 43
17144 90
17144 112
17144 123
17144 143
14343 15
14343 70
14343 164
14343 228
14830 2
14830 18
14830 32
17139 56
17139 123
17139 137
17139 148
17139 167
17139 197
17139 203
14712 128
14712 231
14712 241
14712 251
16946 157
16946 165
16946 169
16946 200
16946 211
16946 239
16946 241
14263 67
14263 173
14263 222
14263 158
14263 192
14263 197
14263 203
14187 121
14187 129
16445 2
16445 3
16445 4
16445 10
16445 11
16445 19
16445 21
15249 97
17144 53
17144 58
17144 77
17144 78
17144 97
14263 20
14263 65
14263 223
14712 21
14712 61
14712 80
14712 88
14712 203
14335 25
14335 63
14335 134
14335 139
14335 234
14733 16
14733 36
14733 48
14733 66
17139 10
17139 263
17099 12
17099 99
17099 112
14733 11
14733 27
14733 32
14733 49
14733 63
17308 8
17308 16
17308 63
17308 77
17308 115
17308 134
17308 145
14981 216
17394 4
17394 26
17394 34
17394 41
17394 146
17394 156
17394 162
17394 165
17394 196
15160 365
16122 465
16122 508
16122 537
17524 38
17524 42
17524 84
17524 119
17524 129
14662 105
14662 123
14662 192
14662 238
14662 247
14187 68
14187 88
14187 118
14770 74
14770 94
14770 190
14770 298
14981 47
14981 154
14981 250
15222 22
15222 77
15222 154
15222 183
15222 190
15222 197
14662 58
14662 73
14662 157
14662 170
14662 207
14438 287
14438 293
15799 84
15799 202
15799 237
17449 5
17449 10
17449 33
17449 43
17449 46
17449 57
14890 10
14890 37
14890 45
14890 107
15027 0
15027 2
15027 3
14830 25
14830 42
14830 47
14257 56
14257 103
14257 111
14257 210
17308 3
17308 28
17308 35
17308 51
17308 54
17308 89
17308 90
17308 114
14257 0
14257 6
14257 57
14257 138
14257 222
16808 0
16808 10
16808 12
16808 13
16808 22
14587 3
14587 11
14587 37
14587 47
14587 56
14587 57
14587 111
14587 113
14587 114
14981 83
14981 150
14981 182
14772 69
14772 215
14772 222
15160 367
17524 194
17524 245
17524 246
17524 273
17524 276
16453 83
16453 202
16453 225
16453 283
16453 324
14438 67
14438 196
14438 284
14187 56
14187 79
14187 114
14216 11
14216 26
14216 59
14216 102
14772 12
14772 47
14772 131
14772 167
17497 48
15222 12
15222 16
15222 50
15222 52
15222 76
15222 81
15222 113
15222 131
15222 134
15222 143
17440 12
17440 13
17440 108
17440 162
14890 109
14890 127
14890 133
15222 4
15222 20
15222 40
15222 41
15222 42
15222 59
15222 86
15222 123
15222 130
15222 182
14955 51
14955 96
14955 109
17557 5
17557 46
17557 50
17557 73
15017 33
15017 65
15017 70
15160 152
14263 32
14263 49
14263 50
16147 62
16147 87
16147 99
16147 182
16147 218
16147 254
14772 37
14772 50
14772 59
14772 104
14772 139
14772 241
15160 23
15160 98
15160 171
15160 184
14343 26
14343 190
14343 271
14343 291
17524 170
17524 175
14343 124
14343 127
14343 231
14343 257
15799 260
15799 261
15799 266
17139 109
17139 122
17139 157
15017 146
15017 190
15017 197
17196 10
17196 13
17196 14
17196 25
17196 27
17196 44
17196 51
14335 55
14335 65
14335 213
17301 27
17301 50
17301 57
17301 87
17301 93
17301 107
17301 122
14770 48
14770 60
14770 89
14770 140
16122 72
16122 107
16122 362
16122 392
16122 447
16122 14
16122 91
16122 216
16122 217
16122 249
16122 355
16122 455
14981 121
14981 210
17524 219
17524 253
17524 260
17524 270
14981 85
14981 178
14981 223
17524 141
14886 66
14886 67
14886 117
14886 155
16976 31
16976 42
16976 45
16976 50
16976 80
16976 116
14343 65
14343 68
14343 78
14343 150
17557 19
17557 25
17557 26
17557 113
14257 191
14981 157
14981 187
14981 221
17394 3
17394 33
17394 36
17394 45
17394 60
17394 124
17394 160
17394 212
17394 223
17394 227
17449 17
17449 26
17449 39
17449 45
17449 55
16038 1
16038 62
16038 162
16038 166
16038 310
17467 37
17467 45
17467 82
17467 91
16122 31
16122 96
16122 256
16122 280
16122 341
16122 359
16122 459
14955 27
14955 100
14955 139
16231 52
16231 64
16231 92
16231 101
16231 129
15160 3
15160 145
15160 147
15160 388
14187 19
14187 48
14187 96
14335 1
14712 44
14712 46
14712 107
14712 165
14216 2
14216 115
16946 35
16946 121
16946 294
14886 8
14886 64
14886 123
14263 87
14263 103
14263 168
14453 55
14453 78
14453 93
14453 138
17449 24
17449 40
17449 50
17449 53
17449 56
14733 2
14733 61
14733 62
14733 67
14733 72
14830 30
14830 52
17139 60
17139 84
17139 161
17139 193
17139 196
17139 207
17139 272
17449 15
17449 48
17449 51
17449 52
16122 531
16122 541
16122 543
17524 44
17524 48
17524 77
17524 130
14890 0
14890 14
14890 69
15093 36
15093 101
14257 26
14257 116
14257 132
14257 166
14257 190
17394 18
17394 72
17394 79
17394 109
17394 123
17394 140
17394 144
17394 151
17394 166
17394 238
14712 27
14712 36
14712 97
14712 209
14712 223
14770 50
14770 67
15160 264
15160 397
14216 12
14216 21
14216 55
14216 101
17467 30
17467 110
14343 55
14343 66
14343 136
14343 213
14343 43
14343 60
14343 101
14343 266
17524 240
17524 268
17524 281
17524 288
14263 15
14263 40
14263 135
17380 1
17380 9
17380 19
17380 20
17380 28
17380 40
17380 48
17380 54
14280 6
14280 54
14280 68
17467 21
17467 67
17467 95
15160 60
15160 61
15160 111
15160 329
17557 175
16946 293
16946 296
16946 299
14280 28
14280 62
14280 69
14733 8
14733 42
14733 52
14733 54
14733 57
14453 9
14453 18
14453 24
14453 87
14453 174
14453 203
14770 14
14770 63
14981 172
14733 4
14733 50
14733 70
14733 71
14453 65
14453 110
14453 119
14453 127
14712 66
14712 244
17394 158
17557 103
17557 109
17557 133
17557 140
17557 147
15017 87
15017 110
15017 144
15017 173
15093 35
15093 91
14343 50
14343 232
14343 244
14343 275
17394 8
17394 40
17394 43
17394 61
17394 147
17394 161
17394 163
17394 203
17394 216
14453 22
14453 67
14453 218
15249 61
15249 81
15249 96
15249 106
17308 0
17308 22
17308 59
17308 97
17308 98
17308 105
17308 132
17308 133
14981 29
14981 55
14981 231
14662 137
14662 181
14662 198
14662 220
14662 241
14263 98
14263 133
14263 256
17497 10
17497 24
17497 35
17497 87
17497 128
14257 70
14257 175
15160 120
15160 233
15160 306
16122 213
16122 346
16122 477
16122 500
14981 228
16555 142
16555 162
14886 68
14886 97
14886 120
14886 165
17497 9
17497 75
17497 172
17497 191
16813 15
16813 29
16813 30
16813 31
16040 64
16040 83
16040 113
16040 125
16040 134
14343 297
14343 316
17497 20
17497 39
17497 236
17497 238
17497 249
14335 7
14335 46
14335 146
14335 159
16231 7
16231 123
16231 143
16231 147
16231 158
16231 173
14822 26
14822 31
14822 55
16453 284
16453 352
16453 363
16453 382
17467 48
17467 105
17139 39
17139 104
17139 117
17139 147
17139 178
17139 200
14216 38
14216 52
14216 77
14216 88
14216 91
14587 26
17524 237
17524 285
17524 289
17524 300
17524 305
16147 90
16147 91
16147 242
16147 255
16147 299
16147 307
16147 315
16147 349
14453 45
14453 57
14770 85
14770 107
14770 114
14770 148
14263 144
14263 289
17497 213
17497 253
16122 234
16122 345
16944 9
16944 50
16944 104
16944 144
16944 228
14770 201
14770 304
17497 30
17497 60
17497 81
17497 136
14890 26
14890 44
14890 74
14890 81
14335 2
14335 39
14335 157
14335 258
14343 111
14343 168
14343 269
16147 395
14712 55
14712 122
14712 126
14712 178
14712 239
16040 13
16040 38
16040 45
16040 70
14590 30
14590 48
14590 53
14590 72
14590 84
14590 123
17139 20
17139 55
17139 69
17139 99
17139 111
17139 127
17139 129
17139 294
17139 303
16147 2
16147 86
16147 117
16147 124
16147 213
16147 267
16147 286
14263 101
14263 183
14263 285
14187 75
14187 82
14187 103
14712 43
14712 60
14712 129
14712 175
17144 37
17144 89
17144 117
17144 139
17144 150
17144 165
14587 4
14587 17
14587 40
14587 62
14587 72
14587 91
14587 109
14587 110
14335 285
14335 56
14335 187
14335 215
14335 240
14955 81
14955 156
14955 158
14335 118
14335 150
14335 168
14335 263
15438 3
15438 7
15438 9
15438 12
15438 13
17224 53
17224 60
17524 109
17524 166
16944 40
16944 114
16944 135
16944 149
16944 170
16944 204
14187 20
14187 49
14187 65
15160 135
15160 311
14453 197
14955 75
14955 162
14955 164
14955 140
14890 25
14890 73
14890 88
14772 34
14772 38
14772 65
14772 160
16040 27
16040 29
16040 37
16040 51
16040 69
17497 251
15249 11
15249 114
15249 122
14590 78
14590 142
15438 0
15438 14
15438 21
14712 56
14712 112
14712 167
14712 183
14590 47
14590 130
14955 8
14955 10
14955 92
15160 1
15160 140
15160 351
15160 375
14981 24
14981 129
14981 138
14772 58
14772 120
14772 177
14772 221
14772 234
14136 9
14136 19
14136 46
16066 20
16066 34
16066 39
16066 41
14335 51
14335 257
14335 276
14335 288
17224 23
17224 24
17224 32
14280 64
16147 48
16147 275
14136 53
14136 71
17524 65
17524 95
17524 140
17524 174
17099 0
17099 7
17099 10
17099 14
17099 42
17099 76
17099 77
17099 94
14263 54
14263 134
14263 236
15160 303
15160 322
15160 340
15160 353
15799 85
15799 101
15799 173
15799 213
15799 270
17467 52
17467 76
17467 78
17467 90
14343 192
14343 312
14216 66
14216 75
14216 108
14216 110
17139 62
17139 136
17139 260
17139 277
15017 161
15017 198
14590 5
14590 15
14590 28
14590 41
14590 63
14590 69
14590 106
14590 113
14590 121
14590 133
14343 53
14343 287
14185 11
14185 21
14185 33
17394 48
17394 80
17394 81
17394 148
17394 152
17394 176
17394 186
17394 219
17394 236
17394 243
14662 115
14662 116
14662 152
14662 159
14662 230
16212 0
16212 6
16212 11
16212 20
16212 67
16212 73
16445 1
16445 7
16445 8
16445 9
16445 15
16445 17
16555 25
16555 33
16555 112
16555 181
16555 182
15160 45
15160 105
15160 204
15160 296
17394 14
17394 19
17394 30
17394 122
17394 139
17394 168
17394 185
17394 193
17394 204
17394 222
14981 122
14981 156
14981 192
14772 63
14772 98
14772 170
14772 284
17394 17
17394 21
17394 70
17394 103
17394 108
17394 125
17394 213
17394 221
17394 229
17394 235
16944 15
16944 26
16944 290
14822 0
14822 28
14822 32
14822 43
16944 38
16944 43
16944 146
16944 167
16944 185
16944 189
16944 217
16038 101
16038 233
16038 270
16038 385
16038 421
14770 189
14770 277
14772 4
14772 5
14772 14
14772 39
14772 295
16453 27
16453 57
16453 62
16453 99
16453 256
16453 271
16040 22
16040 43
16040 46
16040 68
14981 27
14981 77
14981 174
14981 198
15017 75
15017 109
15017 153
14263 21
14263 106
14263 148
17497 49
17497 109
17497 241
15160 19
15160 114
15160 395
14772 103
14772 105
14772 159
14772 161
14772 193
14712 5
14712 12
14712 45
14712 96
14712 169
14712 173
16147 22
16147 82
16147 333
16683 19
16683 33
14263 35
14263 96
14263 125
14263 294
17144 168
14438 27
14438 112
14438 239
14981 33
14981 51
14981 107
15093 48
15093 96
14335 11
14335 33
14335 35
14335 162
17497 34
17497 141
17497 180
17497 205
17139 30
17139 264
17139 285
14263 172
14981 6
14981 130
14981 134
16231 8
16231 12
16231 32
16231 114
16231 136
16231 156
17394 20
17394 47
17394 58
17394 112
17394 132
17394 137
17394 143
17394 164
17394 191
17394 198
15832 63
15832 160
14770 88
14770 169
14770 178
14770 182
17497 90
17497 147
17497 215
14438 38
14438 176
14662 271
17524 241
14955 15
14955 117
14955 124
14772 64
14772 74
14772 116
14772 174
14772 187
14772 288
15160 92
15160 182
15160 394
15160 400
15160 402
14263 131
14263 138
14263 185
14587 33
14587 45
14587 68
14587 71
14587 75
14587 90
14263 83
14263 224
14263 228
16956 0
16956 3
16956 9
16956 10
16956 12
16956 17
14136 3
14136 18
14136 67
15093 14
15093 111
16212 1
16212 32
16212 34
16212 38
16212 59
16212 61
14955 5
14955 61
14955 134
15799 14
15799 16
15799 49
15799 78
15799 191
15799 203
15799 230
17144 56
17144 59
17144 66
17144 110
17144 162
14280 37
14280 60
14280 66
14280 67
14257 80
14257 147
14257 200
14257 219
14257 236
14733 0
14733 20
14733 37
14733 41
14733 59
14187 51
14187 100
14187 105
16258 5
16258 30
16258 39
16258 40
16258 49
14886 17
14886 73
14886 115
17099 33
17099 39
17099 44
17099 62
17099 66
17099 83
17099 98
17224 7
17224 49
17224 58
15160 399
14886 22
14886 85
14886 116
14886 35
14886 42
14886 56
14886 62
15093 38
15093 80
17139 43
17139 89
17139 108
17139 120
17139 230
17139 254
17139 256
15160 55
15160 118
15160 317
15160 363
14343 16
14343 141
14343 160
14343 304
15832 37
15832 98
15832 128
15832 133
14886 48
14886 124
14886 162
17557 158
17557 173
14955 13
14955 37
14955 129
15093 50
15093 77
14770 40
14770 146
14770 168
14770 197
14770 272
14955 72
14955 86
14955 126
17497 11
17497 29
17497 47
17497 52
14890 136
14890 137
14890 138
15093 46
15093 109
17557 18
17557 45
17557 153
17557 155
17557 165
17497 42
17497 57
17497 137
17497 199
15017 10
15017 81
15017 143
15017 170
14886 38
14886 84
14886 101
15093 33
15093 71
14704 0
14704 1
14704 2
14704 3
14704 4
14704 5
14704 6
17557 2
17557 4
17557 8
17557 49
17557 94
17394 16
17394 28
17394 39
17394 42
17394 116
17394 159
17394 174
17394 177
17394 234
17394 245
14981 193
16946 20
16946 36
16946 69
16946 74
16946 218
16946 250
16946 292
14955 0
14955 43
14955 57
14136 68
14136 72
14438 181
14438 206
14438 221
14438 179
14438 266
17524 59
17524 91
17524 101
17524 121
17524 137
14438 22
14438 53
14438 64
14438 69
14438 131
14438 137
14438 178
14438 243
16793 12
16793 24
16793 33
16793 52
14981 11
14981 175
14981 200
15160 7
15160 27
15160 294
15160 305
14733 73
14335 37
14335 116
14335 156
14335 205
14335 247
15160 292
15160 154
15160 295
15160 313
15160 346
15799 38
15799 204
15799 244
15799 276
16066 1
16066 3
16066 4
16066 17
16066 29
16066 46
15160 169
15160 21
15160 29
15160 136
15160 156
17301 19
17301 132
17301 137
14453 19
14453 102
14453 118
14453 155
14241 0
14241 1
14241 4
14263 2
14263 302
14263 310
14335 112
14335 206
14335 208
14770 132
14770 239
14770 251
14770 275
16122 510
16122 535
16122 544
14662 43
14662 90
14662 145
14662 148
14662 200
14662 234
14257 8
14257 49
14257 168
14257 205
14257 218
16944 56
16944 227
16944 261
16944 271
15222 26
15222 43
15222 61
15222 163
16813 3
16813 9
16813 13
16813 24
16813 28
17144 11
17144 50
17144 55
17144 182
14263 27
14263 76
14263 193
15017 15
15017 77
15017 137
15017 160
15288 4
15288 10
15288 11
15288 12
15249 90
15249 98
15160 94
15160 148
15160 237
15160 334
14981 10
14981 70
14981 163
14981 164
15832 23
15832 112
15832 135
15832 182
14187 18
14187 22
14187 39
14772 137
14772 152
14772 154
14772 207
14772 237
17557 12
17557 63
17557 124
17557 126
14712 93
14712 211
14712 227
14712 233
14712 243
17557 35
17557 65
17557 159
17557 164
17557 171
14263 109
14263 174
14263 244
17144 0
17144 8
17144 86
17144 129
14343 308
17524 252
17524 254
17524 299
17524 306
17497 33
17497 132
17497 134
14662 223
14662 228
14662 255
14662 259
14830 17
14830 22
14830 37
17449 6
17449 7
17449 22
17449 42
17449 47
14453 206
14453 211
16122 2
16122 29
16122 131
16122 150
16122 220
16122 267
16122 288
16122 316
16122 445
16122 498
16453 19
16453 170
16453 177
16453 222
16453 277
16453 290
14335 78
14335 244
14335 259
14335 269
17301 63
17497 181
14335 22
14590 70
14590 126
14590 146
14590 148
14712 31
14712 63
14712 111
14712 158
16122 374
17139 8
17139 35
17139 94
17139 106
17139 144
17139 281
17139 284
15832 58
15832 122
15832 155
15832 171
14981 105
14981 114
14981 233
14886 13
14886 14
14886 109
16453 203
16453 376
16453 390
17467 49
17467 57
17467 66
17467 81
16453 159
16453 189
16453 204
16453 272
16453 339
14343 154
14343 169
14343 185
16946 82
16946 97
16946 110
16946 230
16946 297
16946 302
14136 23
14136 56
14136 66
17139 5
17139 24
17139 192
17139 210
17139 221
17139 250
17139 279
15799 114
15799 206
15799 217
15799 219
15799 262
17394 73
17394 75
17394 89
17394 105
17394 110
17394 120
17394 141
17394 194
17524 200
17524 202
17524 227
17524 228
17524 286
14712 65
14712 92
14712 102
14712 163
16122 143
16122 347
16122 413
16813 2
16813 11
16813 19
16813 25
16147 155
16147 389
16122 203
16122 312
16122 321
16122 324
16122 396
16122 401
15051 15
15051 17
15051 19
17524 187
17497 244
15799 231
15799 247
15799 264
15799 274
16043 20
16043 32
16043 38
16043 50
16043 56
16043 73
15799 45
15799 252
15799 254
15799 265
15799 273
16555 23
16555 62
16555 66
16555 139
17524 196
17524 226
17524 242
17524 266
17524 295
14136 10
14136 17
14136 37
14136 75
16040 77
16040 116
17301 11
17301 21
17301 25
17301 78
17301 105
17144 47
17144 65
17144 116
17144 130
17144 144
14712 213
17099 15
17099 56
15160 110
15160 112
15160 319
14263 60
14263 231
14263 262
14772 26
14772 88
14772 100
14772 202
14772 203
14772 282
17144 20
17144 102
17144 124
17144 178
16231 83
16231 86
16231 155
16231 167
14822 5
14822 24
14822 48
16946 3
16946 12
16946 22
16946 76
16946 86
16946 161
14136 1
14136 44
14136 64
16258 10
16258 17
16258 35
16258 57
16258 64
17224 6
17224 9
17224 15
17224 25
17224 33
17224 36
17224 43
14263 104
14263 229
14263 255
14263 271
14257 47
14257 117
14257 149
14257 154
14257 193
14890 50
14890 93
14890 101
15093 73
15093 94
16122 122
16122 135
16122 365
16122 485
14453 0
14453 3
14453 36
14453 52
14453 101
14453 147
14453 156
14453 175
14257 120
14257 234
16047 4
16047 23
16047 42
16047 59
17497 152
17497 219
17497 225
17497 46
17497 144
17497 153
17524 204
17524 210
17524 239
17524 264
14438 268
14438 273
14216 22
14216 24
14216 25
14216 30
14216 84
14216 89
16946 29
16946 114
16946 172
14335 231
14770 152
14770 183
14770 223
14770 273
17557 27
17557 39
17557 43
17557 75
17557 142
14257 75
16555 6
16555 63
16555 94
16555 116
14981 14
14981 71
14981 109
14257 92
14263 81
14263 164
14263 305
15017 46
15017 57
15017 73
16976 3
16976 35
16976 64
16976 69
16976 83
16976 86
16976 95
16976 103
14187 28
14187 69
14187 101
14263 8
14263 91
14263 301
14263 319
17144 14
17144 21
17144 93
17144 101
17144 118
17144 151
16946 83
16946 162
16946 176
16946 182
16946 192
16946 213
15160 70
15160 158
15160 231
15160 302
14772 2
14772 8
14772 75
14772 158
14772 208
14772 257
14772 271
16258 4
16258 15
16258 41
16258 43
16258 52
16258 65
14662 127
17440 20
17440 52
17440 62
17440 69
17440 98
17440 122
17440 150
14955 2
14955 39
17144 99
17144 113
17144 164
17144 174
17144 181
17144 189
14343 39
14343 51
14343 138
14343 179
16038 53
16038 122
16038 244
17497 86
17497 231
17497 246
17557 13
17557 51
17557 56
17557 116
17557 151
15051 9
15051 13
15051 21
14343 63
14343 142
16976 14
16976 49
16976 68
16976 101
16976 112
16976 119
16976 128
14263 44
14263 200
14263 242
14263 303
16953 19
15160 63
15160 189
15160 254
15160 332
16944 116
16944 131
16944 179
16944 211
16944 222
16944 223
16944 270
14590 3
14590 24
14590 75
14590 96
14590 112
14590 119
14590 128
14955 103
14955 114
14955 115
14955 127
17497 7
17497 226
17497 242
16231 2
16231 14
16231 79
16231 97
16231 99
16231 122
14263 300
14263 309
14263 324
15160 12
15160 84
15160 219
15160 245
16122 144
16122 212
16122 475
14136 14
14136 27
14136 58
14770 56
14770 271
14438 54
14438 130
14438 133
14438 142
14438 213
14438 228
14438 267
14955 12
14955 136
14955 165
15160 390
14770 117
16038 0
16038 5
16038 47
16038 362
17076 7
14187 27
14187 81
16944 35
16944 123
16944 159
16944 163
16944 198
16944 209
14886 12
14886 74
14886 80
17497 131
17497 146
17497 158
14981 16
14981 81
14981 162
16453 12
16453 114
16453 188
16453 246
16453 264
17467 38
17467 59
17467 61
17467 70
16122 40
16122 60
16122 71
16122 233
16122 271
16122 363
15160 38
15160 64
15160 199
15160 246
14830 24
14830 28
17394 1
17394 38
17394 55
17394 82
17394 153
17394 210
17394 241
17394 247
17394 248
14981 7
14981 113
14981 136
16147 194
16147 206
16147 373
16147 401
17144 26
17144 52
17144 72
17144 173
17144 188
17497 62
17497 170
17497 63
17497 130
17497 150
14886 63
14886 158
14886 164
15550 12
14257 36
14257 37
14257 146
14257 186
15799 27
15799 92
15799 227
17557 3
17557 78
17557 83
17557 130
14263 82
14263 102
14263 171
14263 232
14981 18
14981 59
14981 106
17497 16
17497 174
17497 227
14590 8
14590 11
14590 38
14590 50
14590 51
14590 61
14590 90
14590 100
14981 58
14981 251
14981 258
15799 192
15799 233
15799 245
14216 10
14216 29
14216 37
14216 62
16038 85
16038 97
16038 119
16038 225
16038 242
14712 30
14712 83
14712 130
14712 188
14712 199
14136 0
14136 5
14136 21
14136 54
17440 74
17440 171
17440 173
17440 180
15017 23
15017 30
15017 97
15017 127
14343 123
14343 176
14343 314
14216 27
14216 43
14216 46
14216 68
14216 106
17524 191
17524 201
17524 218
17524 238
17524 284
17497 5
17497 162
17497 173
17308 12
17308 26
17308 42
17308 64
17308 67
17308 88
17308 109
14712 1
14712 42
14712 191
14712 224
14712 230
14187 37
15222 17
15222 33
15222 54
15222 94
15222 99
15222 101
15222 184
15222 207
15222 224
15222 238
14335 72
14335 286
14343 116
14343 151
14343 267
14136 16
14136 22
14136 57
15093 40
15093 87
14772 55
14772 213
14772 228
14772 238
14772 280
14890 24
14890 78
14890 87
14981 41
14981 205
14981 211
14822 39
14822 59
15799 34
15799 94
15799 103
15799 122
15799 135
15799 153
15799 172
15799 268
14955 160
14955 167
14890 4
14890 71
14712 81
14712 127
14263 58
14263 216
14263 225
16038 182
16038 228
16038 261
16038 290
16038 317
17139 49
17139 128
17139 145
17139 150
17139 195
17139 205
15017 187
15017 202
16038 160
16038 190
16038 361
14257 63
14257 94
14257 110
14257 178
14257 211
16122 11
16122 73
16122 165
16122 328
16122 439
16122 460
17301 62
17301 110
17301 114
17301 140
14335 273
16944 121
16944 276
17308 2
17308 50
17308 56
17308 78
17308 85
17308 124
17308 151
14438 35
14438 45
14438 74
14438 80
14438 116
14438 132
14438 155
14438 250
15160 336
17524 70
17524 104
17524 110
17524 138
17394 6
17394 66
17394 101
17394 127
17394 150
17394 175
17394 202
17394 218
14263 29
14263 217
14263 298
15799 15
15799 73
15799 97
15799 127
15799 187
15799 222
15799 271
17099 27
17099 29
17099 75
17099 92
17099 113
17524 19
17524 46
17524 74
17524 120
14587 69
14587 98
14587 107
16453 28
16453 31
16453 33
16453 84
16453 235
16453 238
16453 245
17139 100
17139 132
17139 188
17139 265
17139 268
17139 310
17440 4
17440 18
17440 21
17440 83
17440 91
17440 93
17440 99
14955 14
14955 45
14955 88
15017 4
15017 59
15017 83
14280 4
14280 8
14280 16
14280 34
15093 26
15093 27
16231 27
16231 30
16231 37
16231 39
16231 74
16231 103
14886 76
14886 103
14886 108
14886 135
17224 57
14822 6
14822 21
14822 42
14772 142
14886 30
14886 61
14886 88
14343 121
14343 309
15799 87
15799 99
15799 116
14770 10
14770 47
14770 171
14770 240
14263 6
14263 13
14263 178
14335 84
14335 88
14335 172
14335 191
14335 204
14770 1
14770 17
14770 66
14770 188
16047 12
16047 25
16047 28
16047 33
16038 69
16038 100
16038 181
16038 368
14590 2
14590 16
14590 46
14590 81
14590 88
14590 94
14590 129
14590 132
14662 4
14662 65
14662 126
14662 134
14662 141
14662 146
16453 6
16453 93
16453 142
16453 163
16453 253
17449 20
17449 29
17449 32
17449 44
16793 3
16793 60
16793 69
16793 72
17449 0
17449 12
17449 23
17449 31
14890 5
14890 18
14890 97
14257 189
14770 36
14770 81
14343 6
14343 37
14343 279
14343 303
16946 50
16946 51
16946 68
16946 132
16946 141
16946 174
14981 19
14981 152
14981 236
14257 153
14772 18
14772 27
14772 45
14772 292
15160 362
15160 387
14770 41
14770 43
14712 19
14712 34
14712 134
14712 185
14830 9
14830 16
14830 45
14886 145
14886 167
14886 174
15160 124
15160 153
15160 191
15160 270
14981 37
14981 111
14981 170
14822 15
14822 16
14822 50
16066 37
16066 48
16944 25
16944 85
16944 98
16944 165
16944 225
16944 258
14955 68
14955 90
14955 147
14955 150
16944 11
16944 42
16944 62
16944 66
16944 78
16944 255
16944 281
15017 82
15017 140
15017 176
15799 29
15799 32
15799 55
15799 69
15799 106
15799 155
15799 156
16147 12
16147 71
16147 76
16147 107
16147 114
16147 224
16147 229
16147 235
15222 30
15222 49
15222 55
15222 87
15222 91
15222 95
15222 100
15222 166
15222 188
15222 212
14335 20
14335 160
14335 226
14335 232
14335 262
17557 125
16231 6
16231 36
16231 53
16231 62
16231 75
17139 214
17139 249
14981 116
14981 161
15160 193
15160 360
15799 107
15799 189
14257 17
14263 93
14263 121
14263 209
17557 16
17557 44
17557 48
17557 102
17557 118
17557 129
14772 191
14257 45
14257 46
14257 76
14257 115
14257 179
17308 75
17308 80
17308 106
17308 116
17308 139
17308 144
16122 4
16122 56
16122 258
16122 260
16122 384
16122 422
16453 47
16453 85
16453 151
16453 186
16453 231
14770 13
14770 49
14770 110
14770 217
14770 270
16066 19
16066 40
15017 43
15017 111
15017 152
17196 12
17196 52
17196 63
17497 8
17497 79
17497 239
17497 250
14955 153
14955 169
14263 9
14263 75
14263 188
15832 39
15832 53
15832 56
15832 69
15832 145
15832 147
15832 176
16043 0
16043 7
16043 34
16043 43
15160 68
15160 209
15160 216
15160 225
15160 359
15799 68
15799 240
15799 259
15799 263
14662 88
14662 121
14662 233
14662 256
16793 34
16793 38
16793 42
16793 61
16038 68
16038 126
16038 153
16038 367
17524 61
17524 181
14263 3
14263 24
14263 167
14263 292
15017 62
15017 78
15017 118
15222 0
15222 127
15222 174
15222 208
14981 110
14981 252
14981 257
14263 260
14216 9
14216 96
14216 99
14216 105
15222 21
15222 60
15222 67
15222 80
15222 136
15222 156
15222 186
15222 193
15222 223
15222 241
14981 242
17497 44
17497 164
17497 217
14770 21
14770 220
14770 246
14770 261
17139 15
17139 51
17139 241
17449 27
17449 38
17449 49
17139 45
17139 91
17139 209
17139 211
17139 228
17139 287
15160 194
15160 318
15160 381
15160 396
15017 22
15017 32
15017 37
15017 52
17557 31
17557 91
17557 112
17557 170
16453 60
16453 111
16453 161
16453 181
16453 258
17076 0
17076 1
17076 2
17076 3
17076 4
17076 5
17076 6
17076 8
17394 46
17394 78
15160 36
15160 53
15160 165
15160 170
15160 221
16122 82
16122 88
16122 163
16122 210
16122 229
16122 382
14257 3
14257 72
14257 104
14257 203
14955 80
14772 114
14772 186
14772 205
14772 210
14772 224
14772 227
14187 45
14187 125
14187 135
14453 68
14453 89
14453 95
14453 96
14453 143
14453 162
14453 165
14263 92
14263 143
17557 60
17557 67
17557 114
17557 115
17557 136
14453 4
14453 5
14453 6
14453 47
14453 56
14453 73
14453 114
14453 146
14453 184
14187 89
14187 107
14187 113
15799 5
15799 36
15799 123
15799 168
15799 197
15799 225
15799 243
16122 106
16122 146
16122 180
16122 194
16122 240
16122 320
16122 357
16122 490
17467 10
17467 29
17467 65
17467 73
14263 97
14890 49
14890 100
14890 104
14770 208
14770 229
14770 255
14770 281
15093 62
15093 104
16231 58
16231 80
16231 119
16231 130
16231 151
16453 37
16453 187
16453 224
16453 279
16453 311
17524 72
17524 103
17524 105
17524 117
17524 125
17524 159
14257 157
14257 197
14343 97
14343 132
14343 195
14343 224
15832 27
15832 32
15832 38
15832 73
15832 143
14981 4
14981 72
14981 165
14981 225
14712 33
14712 98
14712 103
14712 170
14712 196
14772 41
14772 251
17099 8
17099 37
17099 53
17099 54
17099 61
17099 67
17099 105
17440 164
17440 179
17440 185
15093 7
15093 44
14955 172
14257 5
14257 9
14257 107
14257 124
14257 127
17099 110
16122 18
16122 78
14886 25
14886 51
14886 111
14886 133
17144 35
17144 82
17144 127
17144 187
14712 26
14712 29
14712 106
14712 117
14712 148
14770 44
14770 180
14770 247
14770 285
17524 221
17524 259
17524 269
17524 272
17524 283
17301 6
17301 9
17301 58
17301 68
17301 131
17301 135
17301 141
17524 80
17524 106
17524 114
17524 135
17524 145
14822 18
14822 30
14822 52
16946 125
16946 152
16946 167
17497 3
17497 54
17497 160
17497 208
17467 41
17467 111
15832 21
15832 35
15832 54
15832 85
15832 89
15832 132
17099 2
17099 20
17099 21
17099 23
17099 55
17099 58
17099 79
14886 2
14886 32
14886 65
14886 168
16038 22
14770 80
14770 237
14770 264
14770 288
14770 290
16038 12
16038 348
16038 400
16038 419
16555 13
16555 61
16555 126
16555 141
15160 42
15160 131
15160 166
15160 176
15160 377
15093 1
15093 105
14216 41
14216 20
14216 51
14216 81
14216 87
14216 95
14890 11
14890 34
14890 115
14890 119
15832 22
15832 72
15832 103
15832 149
15832 167
15093 30
15093 98
14770 2
14981 9
14981 63
14981 135
14343 118
14343 206
14343 247
14770 143
14770 184
14770 214
14770 259
14712 11
14712 99
14712 160
14712 172
14712 202
14770 87
14770 198
14770 205
14770 248
14770 278
14335 50
14335 66
14335 119
14335 164
15249 57
15249 79
15249 104
15249 117
17497 25
17497 166
17497 243
14770 15
14890 123
14890 130
14890 131
17223 1
17223 4
17223 6
17223 8
17223 12
14733 7
14733 33
14733 34
14733 38
14733 65
16453 86
16453 128
16453 155
16453 261
15051 1
15051 4
15051 8
15051 12
15832 24
15832 93
15832 140
16453 7
16453 76
16453 154
16453 197
16453 293
15799 64
15799 90
15799 235
14770 123
14770 211
14770 249
14770 254
14770 284
14733 5
14733 12
14733 43
14733 53
14733 28
14733 30
14733 39
14733 69
15160 180
15160 183
15160 211
15160 256
15160 257
17139 44
17139 169
17139 179
16147 13
16147 29
16147 84
16147 196
16147 249
16147 263
16147 316
16147 319
16212 18
16212 21
16212 37
16212 53
16212 69
16946 2
16946 49
16946 78
16946 84
16946 229
17139 101
17139 212
16453 29
16453 65
16453 160
16453 185
16453 230
15160 155
14343 86
14343 199
14343 218
17196 15
17196 35
14981 64
14981 259
14343 265
14343 310
16147 18
16147 38
16147 39
16147 179
16147 303
16147 334
15017 31
15017 129
15017 172
15017 194
17557 168
14772 15
14772 29
14772 82
14772 147
14772 248
16946 11
16946 24
16946 60
16946 79
16946 120
16946 159
16946 245
14343 79
14343 87
14343 106
14343 290
14438 20
14438 30
14438 99
14438 135
14438 145
14438 215
14438 254
17394 231
17394 239
15832 61
15832 71
15832 148
15160 10
15160 173
15160 286
15160 325
14280 77
16122 24
16122 178
16122 276
16122 315
16122 325
16122 484
16122 533
15799 56
15799 80
15799 104
15799 115
15799 158
15799 160
15799 232
16047 20
16047 39
16047 52
16047 53
14822 51
17139 9
17139 61
17139 153
17139 185
17139 235
17139 240
17139 245
17139 282
17139 67
17139 103
17139 291
17524 190
17524 205
17524 229
17524 267
17524 302
17144 38
17144 98
17144 132
17144 136
17144 146
17144 158
15093 17
15093 22
14263 10
14263 25
14263 159
16122 6
16122 232
16122 406
16122 473
17557 40
17557 57
17557 62
17557 167
14263 86
14263 105
14263 146
14263 253
17139 308
15249 1
15249 33
15249 71
15249 105
14981 35
14981 87
14981 5
14981 117
14981 173
15438 1
15438 5
15438 8
15438 11
14438 4
14438 51
14438 84
14438 175
14438 211
14438 230
14438 253
14438 271
14770 153
14770 186
14770 260
14770 287
17497 17
17497 61
17497 119
17497 184
16047 2
16047 19
16047 43
16047 58
14712 37
14712 140
14712 161
14712 214
14187 34
14187 86
14187 102
17440 73
17440 78
17440 97
17440 133
17440 134
17440 145
17440 154
17308 24
17308 48
17308 95
17308 100
17308 108
17308 121
17308 136
15160 179
15160 344
14770 76
14770 116
14770 150
14770 292
17139 76
17139 315
17139 322
17524 182
16204 41
16204 48
16204 65
16204 104
16204 105
14263 71
14263 120
14263 277
17099 40
17099 41
17099 48
17099 64
17099 70
17099 72
17099 81
17099 97
17497 18
17497 26
17497 36
17497 88
17497 124
17524 211
17524 217
17524 263
17524 287
17524 308
14335 38
14335 91
14335 110
14335 132
14335 264
14335 279
16147 11
16147 135
16147 160
16147 285
16147 314
16147 346
14955 47
14955 79
14955 85
14955 97
16147 37
16147 296
16147 335
14216 13
14216 14
14216 36
14216 44
14216 86
17224 1
17224 11
17224 22
17224 29
17224 44
14770 24
14770 26
14770 93
14770 191
15160 40
15160 138
15160 195
15160 202
17380 4
17380 12
17380 14
17380 17
17380 30
17380 34
17380 41
17380 44
16122 37
16122 87
16122 114
16122 241
16122 296
16122 398
16122 405
14953 5
14953 6
14953 12
14438 229
14438 248
14453 35
14453 42
14453 105
14453 191
14343 163
14343 256
14343 296
15093 15
15093 68
14662 46
14662 210
14662 254
14453 11
14453 34
14453 37
14453 48
14453 107
14453 126
14453 130
14453 158
16659 4
16659 6
14263 108
14263 199
14263 251
14263 61
14263 155
14263 240
16147 30
16147 360
16147 369
17497 74
17497 139
17497 192
17497 218
14770 45
14770 102
14770 112
14770 127
14770 147
16946 136
16946 274
16946 287
16946 300
14453 154
14453 207
17394 2
17394 37
17394 69
17394 74
17394 117
17394 155
17394 171
17394 173
17394 183
14187 97
15093 29
15093 45
15093 9
15093 57
17139 42
17139 198
17139 219
17139 274
16122 145
16122 160
16122 515
16122 21
16122 79
16122 184
16122 193
16122 311
16122 338
16122 425
14662 64
14662 74
14662 77
14662 213
14662 224
15249 8
15249 136
14955 17
14955 48
14955 123
16953 21
16953 25
15799 53
15799 111
15799 226
15799 258
14712 246
14187 59
14187 74
14187 84
14216 40
14216 92
14216 94
14216 97
14216 98
14216 109
15160 258
15160 331
15160 341
14343 24
14343 59
14343 85
14343 295
17449 1
17449 3
17449 30
17449 34
17449 41
16231 3
16231 42
16231 65
16231 84
16231 138
14770 37
14770 69
14770 106
14770 149
14770 226
14280 73
14280 75
14280 76
15093 85
15093 88
15160 121
15160 122
15160 223
14662 50
14662 62
14662 142
14662 147
14662 155
17099 43
14335 73
14335 230
14335 305
14335 312
17557 14
17557 22
17557 53
17557 69
17557 146
17524 5
17524 11
17524 96
17524 154
17139 11
17139 53
17139 66
17139 85
17139 261
17139 324
14590 80
14590 125
14241 2
14241 3
14241 5
14241 6
16043 25
16043 36
16043 37
16043 59
14712 62
14712 101
14712 152
14712 177
14712 192
14343 100
14343 173
14343 174
15832 17
15832 20
15832 36
15832 101
15832 105
15832 127
14587 28
14587 39
14587 43
14587 70
14587 76
14587 80
14587 85
14587 100
14587 104
14587 112
14733 3
14733 10
14733 18
14733 25
14733 40
14733 45
17380 56
14662 67
14662 82
14662 245
14662 262
14662 274
14733 1
14733 19
14733 21
14733 35
14733 44
14733 51
14772 24
14772 40
14772 165
14772 197
14772 267
