16218 88 4410 293.650909 1.458501 -2.266601
15312 4 219 1103.866943 0.632384 1.954784
15762 285 14295 2273.921875 0.167326 -2.563609
17371 378 18901 109.105896 2.629885 2.784628
14338 194 9729 793.074219 1.308067 -2.254695
16834 45 2291 130.672699 1.120553 -1.760669
15392 131 6551 406.323822 2.896840 2.588179
17158 60 3040 219.216110 1.398850 1.556312
17459 93 4678 970.070496 1.077069 -1.146186
17563 44 2208 666.901672 1.312138 1.661095
16117 110 5532 147.079056 1.177788 1.783162
16158 279 13976 207.346649 0.452933 -1.935371
16169 180 9037 329.538879 2.875757 -2.262100
