17561 185 9298 454.273254 0.440506 3.035372
15870 47 2375 625.854614 0.852713 -1.463241
18874 143 7167 305.800018 0.956393 -1.572651
14569 17 899 231.125534 2.398914 -2.601235
18697 363 18194 197.775574 1.109430 -2.467110
15701 134 6744 850.115845 0.148019 -0.454979
18242 212 10608 193.334244 0.453351 3.092844
14410 97 4887 179.198715 1.338446 -1.801280
14401 28 1401 281.431396 0.843025 0.150524
15339 92 4642 129.444412 0.828698 2.752852
17956 7 356 584.940186 0.163805 -0.204236
14459 49 2458 680.450562 0.407038 -1.143712
16175 29 1480 322.893127 0.459953 -2.824881
18665 253 12655 185.737778 1.471956 -2.327535
15790 80 4010 956.706787 0.118352 -1.273146
18021 180 9012 925.186218 0.175305 -2.716188
15923 150 7525 301.943695 0.227833 0.259929
17850 11 577 1162.897461 0.470003 -1.543737
18031 363 18165 702.117188 0.722277 -3.054983
14721 64 3249 107.137886 2.192964 2.189869
16112 318 15923 207.524658 0.932010 1.505501
17371 273 13662 1644.112549 0.196698 2.473038
15846 181 9073 622.369141 0.418273 2.700368
18490 76 3844 432.008026 0.952790 -0.212917
15677 142 7139 200.580154 2.003848 1.644579
16683 13 669 191.240677 2.252176 2.122821
18795 169 8464 1471.330444 0.599722 -2.748155
14611 35 1768 507.113892 1.294649 -1.497667
17339 97 4877 619.184998 0.934729 1.961045
15893 20 1019 575.716064 1.045364 1.171575
14712 138 6925 242.098526 0.460726 2.769845
17789 8 450 178.494293 1.020669 -2.526938
16312 288 14403 643.434082 0.681238 0.098785
17271 53 2669 595.202271 0.984656 -1.912180
15939 11 571 1270.047729 0.331218 0.115217
16853 23 1180 558.778198 0.732372 1.001281
17524 172 8633 169.267731 1.784368 -0.270092
15930 210 10510 247.682861 0.710420 -0.503635
15875 319 15981 209.354141 1.847620 -0.543350
17112 25 1283 158.001083 0.572372 -2.561374
17112 60 3020 481.961395 0.660390 -0.366813
17326 71 3553 156.491364 0.872685 -2.641859
17871 167 8367 564.105652 0.217785 3.029677
15917 233 11675 706.509216 1.190770 1.818255
17653 24 1211 301.634094 0.722276 -2.379870
15231 78 3921 1689.340576 0.177041 3.053653
17407 8 406 314.809662 0.785863 -2.383190
18752 483 24168 315.040955 0.969614 -2.499829
14760 138 6907 429.041656 0.722850 -3.102011
18470 62 3138 372.146027 0.375394 -0.292593
15482 43 2159 311.256561 1.847394 1.329872
14897 22 1137 1377.736206 0.387400 1.002051
18242 232 11643 595.284058 0.482140 2.796080
16890 10 533 386.908112 0.735799 -0.584358
18021 175 8777 483.564270 0.733708 2.192750
15880 11 600 390.002075 1.078356 -1.991048
17073 3 166 129.550644 1.978048 2.358866
16919 172 8644 819.135864 0.306019 -0.290042
16344 55 2771 1173.147095 0.301514 2.742340
15367 7 388 358.272888 1.418152 0.168108
15873 136 6823 643.450256 0.318448 -0.518225
17349 27 1399 2827.436768 0.007078 -0.473377
18014 38 1919 799.664612 0.373974 2.312870
18779 490 24518 280.964355 1.387906 -1.395992
18935 330 16545 1395.718140 0.088349 2.906777
16853 220 11012 164.764694 0.795076 -1.159132
17165 56 2822 532.867615 0.680249 -0.449514
18603 72 3603 1091.912476 2.853068 -2.184191
14807 0 5 264.359100 1.636916 1.178921
15141 39 1975 436.079865 0.182653 2.951527
14882 116 5829 1080.169067 0.457535 -2.924748
18014 8 433 490.184021 1.216873 0.597969
16856 18 939 1176.810547 2.363420 -1.635997
18499 68 3430 502.106750 0.675745 -1.139716
15014 217 10893 812.235168 0.196027 -2.523381
18044 5 265 521.012939 0.829488 0.956949
15369 287 14388 555.310974 1.265786 1.626970
14916 61 3051 136.803528 1.961565 -1.674958
15436 251 12553 1495.385010 0.163997 -2.030691
17693 373 18685 254.077667 2.024667 2.242175
17090 26 1319 155.213638 0.987395 -2.829633
14157 191 9565 1198.332520 1.080528 1.794816
18781 128 6440 89.195854 0.340153 2.925400
17875 15 800 614.101074 0.991811 -2.098317
18233 170 8538 791.819092 0.460437 -1.851045
17866 14 739 191.357132 1.040699 -2.374030
17699 18 946 368.955994 0.491739 2.991696
18463 530 26542 704.042847 0.406060 -1.623924
15900 171 8559 164.499146 2.843971 -1.673969
17956 173 8677 732.105652 0.266140 -2.958210
14393 6 344 1064.048462 0.637703 2.833783
16094 441 22076 390.998871 0.416218 -2.272550
18021 245 12261 535.301208 1.051763 -2.212306
15940 76 3809 98.345436 1.174054 0.779438
17036 422 21132 234.006119 0.311324 0.647101
18577 57 2890 217.723526 2.794291 1.227901
14316 7 364 894.154236 0.589719 -0.280812
17271 115 5781 336.417297 0.453058 0.745228
18024 245 12283 121.940651 0.470739 -0.371100
14425 199 9964 1019.341187 0.259594 -2.190531
16303 170 8508 1100.180054 0.087978 2.276153
17990 65 3259 161.619080 2.024909 1.422048
16199 192 9609 89.569626 2.099982 -0.937695
18040 60 3036 318.086914 0.554347 2.780632
18040 60 3038 271.382629 0.776929 0.739395
14149 4 244 215.802231 1.113707 0.797327
15683 44 2231 312.534180 1.047133 2.307256
14324 0 11 551.524353 1.317307 1.242798
15511 116 5824 662.569153 0.344186 1.469316
15166 181 9089 1628.954834 0.371699 1.574959
17503 201 10070 99.537354 0.734443 -1.848893
15927 367 18389 433.859863 0.231015 -2.959489
17126 113 5663 575.313416 0.557486 0.061293
15667 29 1452 427.554535 2.906831 -1.317093
17440 2 118 201.040085 1.363961 -2.649850
14911 81 4072 1055.143799 0.182967 -2.975158
14623 5 300 1119.974609 0.357196 -2.760307
16850 117 5896 158.197235 1.870806 -1.349631
17835 116 5837 249.846695 0.175300 0.012297
14459 22 1140 113.623039 1.365970 -1.036594
15965 183 9180 1330.091309 0.199501 -3.098630
15520 103 5157 196.945511 2.147720 -2.659658
15463 188 9409 1523.769897 1.023847 -1.696760
17960 209 10475 818.256897 0.627878 0.695495
16298 187 9364 340.755493 0.851520 -2.137256
14870 246 12337 480.396179 0.601897 -2.420644
14760 87 4397 847.209717 0.253050 -0.991306
17585 45 2276 233.108566 0.242875 2.545920
16151 0 37 126.630608 2.255987 -2.796687
15722 74 3716 710.392883 1.717939 -1.791257
17356 54 2713 163.152542 1.246251 -1.750818
15955 0 39 418.107574 0.596091 0.583494
16169 242 12141 201.578323 0.684677 -1.644175
14971 75 3798 220.841965 0.201768 -2.449435
18907 73 3653 250.284561 0.630590 -1.142536
15013 107 5351 230.881775 1.628711 1.508704
18760 89 4453 660.568726 0.210190 -0.247187
16307 65 3299 116.812035 0.497156 -1.193874
17185 87 4400 291.891113 0.353698 -0.786502
17626 22 1148 396.157928 0.530641 1.602036
15882 95 4794 138.412674 0.516583 0.038760
16536 9 458 683.692871 1.664185 -0.698383
14334 101 5100 250.012589 0.355467 1.646291
16946 290 14506 411.302551 2.831313 -1.577294
15801 152 7644 268.120361 1.731162 0.837559
16468 46 2332 1960.765747 0.094760 -2.451171
16468 46 2349 93.221947 2.464332 -1.457763
17208 127 6381 585.041260 0.295382 -2.622538
14814 86 4340 602.345886 0.224157 0.916921
16525 83 4170 1321.601685 0.838427 1.245623
18062 99 4993 1087.928711 0.392677 2.560913
16850 236 11834 457.626617 0.776190 0.636257
14556 283 14195 166.103317 0.339098 1.886974
16962 317 15867 500.610352 1.053254 1.928272
14410 197 9870 1180.265747 0.045939 2.322305
15254 151 7584 878.332581 2.410927 -1.836484
17415 50 2532 642.978394 0.335225 -1.807273
14948 250 12502 213.917709 0.512536 -0.144663
16071 4 216 178.651367 0.489386 0.457588
14335 214 10724 295.442657 0.933694 0.126331
18286 85 4276 760.102783 0.859304 -0.084267
18021 303 15194 1044.799927 0.760086 -1.257314
15973 36 1849 120.980621 2.303183 -2.985195
16148 103 5161 293.851501 0.302249 2.697543
14796 120 6050 528.874512 0.920749 2.548849
16073 247 12354 209.429123 0.356870 2.795688
16104 24 1235 188.003067 0.773402 1.992446
16877 98 4911 1516.624268 2.006708 1.251981
17783 106 5305 758.238403 0.240449 -0.905697
17197 10 531 1472.963989 0.082684 1.699468
18048 12 646 263.386353 0.398337 0.126847
15961 102 5143 804.271790 0.383727 -0.013839
14376 148 7407 215.112915 0.557670 1.734151
15145 303 15185 176.990967 0.604608 1.730378
15634 190 9504 230.384262 1.907148 -1.663532
15501 215 10758 114.115967 0.479947 -0.780685
17584 59 2969 1337.249634 0.561808 0.236077
18527 247 12357 254.773819 0.949054 2.198833
18527 247 12370 990.693909 0.664648 -1.578609
14831 60 3008 518.421326 0.129823 1.212922
17155 38 1914 178.732590 1.396618 -0.328692
17592 101 5095 2178.602295 0.360480 -2.148771
14392 225 11274 394.147064 0.609299 2.935113
18514 446 22305 361.312988 0.615845 -2.152784
17771 13 669 148.023193 0.880261 -2.053580
17308 119 5960 147.060974 2.500463 0.329191
15463 115 5788 160.929337 1.001905 -0.023401
17414 72 3625 119.840927 2.266711 1.889265
15097 200 10020 140.366638 0.837752 1.617821
18959 34 1735 868.239075 0.753718 1.215400
16668 183 9166 261.733612 1.353724 2.181759
17646 28 1406 267.206665 1.413212 2.855443
14213 14 712 684.287781 0.721021 -3.047829
14334 86 4339 490.037323 0.739772 1.192498
17958 15 771 328.741302 0.312841 -2.629558
18242 68 3447 656.885071 0.994300 1.066390
17621 141 7062 832.312134 0.256985 -0.369401
15377 84 4215 539.818359 1.053003 -2.411563
18466 51 2591 333.069000 0.061305 -2.430967
17467 0 38 182.764099 0.423694 2.609643
17039 42 2145 1258.412231 0.361355 -0.913860
15949 198 9950 259.022278 0.593774 2.994674
14686 85 4297 668.270691 0.340613 2.889991
17206 540 27017 107.215347 1.825799 -1.170554
14266 0 11 402.828400 0.254489 1.987163
17414 147 7366 498.401001 0.521594 -1.536294
16387 214 10728 621.569885 0.555744 -0.810054
15436 277 13865 842.178467 0.246257 0.797863
17312 25 1299 413.415161 1.030349 2.400780
18021 594 29744 333.796936 0.185792 2.212249
18639 18 942 1813.105957 0.294205 1.551194
18731 29 1480 147.870377 0.282512 1.821385
16506 227 11354 125.578255 2.549860 1.948184
15273 85 4283 118.005508 2.151108 -1.968393
14985 68 3423 230.835800 1.493965 0.079939
17601 58 2938 317.213104 1.239144 -0.823081
17684 32 1624 250.848434 0.270523 0.201962
14174 253 12678 627.234863 0.466559 0.118525
14375 61 3077 182.159210 1.206299 -1.994295
14921 92 4617 862.937317 0.505083 0.007122
18269 77 3900 227.189117 0.636360 -0.309334
15783 300 15045 373.289581 0.740441 0.034109
14192 11 584 430.995972 0.465954 -2.528744
15774 226 11338 894.507751 0.545476 2.108896
17415 89 4456 356.615143 1.071567 2.763386
15801 12 638 563.139099 0.229991 -0.276579
18031 16 838 130.516312 1.127613 1.923538
14243 69 3468 292.713623 1.299097 1.735897
16041 16 801 1221.221069 0.227800 -0.506112
14244 21 1062 97.720879 2.385181 -0.077238
15291 213 10692 1446.795166 0.143477 2.281168
15808 8 413 162.444260 2.640916 1.574077
14195 170 8518 429.322571 0.234953 -1.279517
18010 275 13758 457.497437 0.101336 1.424428
14463 212 10601 190.640808 2.868327 1.528055
17871 157 7877 425.885712 1.223814 0.624189
17871 342 17109 375.007507 0.447327 -0.417756
17056 349 17499 330.497742 0.515769 0.566844
15297 269 13457 112.317352 1.594796 -1.569115
16340 147 7353 1574.929199 0.355112 0.727629
17667 65 3268 611.745239 1.400355 1.641653
16228 292 14648 168.070312 0.838422 1.250113
17371 372 18624 1565.411743 2.351945 -1.357896
15074 92 4649 300.817627 0.990381 3.054281
15389 39 1962 134.693100 0.974914 2.375654
15355 65 3294 154.307953 1.600086 2.815462
16006 473 23672 826.279663 1.054771 -2.853756
15316 138 6943 1002.429932 0.331741 -2.618218
18740 5 258 157.233124 0.996417 0.268440
17972 143 7169 173.147705 1.259799 2.140512
17136 58 2926 1011.611877 0.400609 -3.024156
18931 118 5914 195.604294 1.478140 -0.083500
18490 101 5080 500.800262 0.963364 2.437481
17875 177 8881 362.278656 0.263569 -2.848490
16949 191 9587 615.173828 0.325764 -0.223823
15799 275 13755 2080.958496 0.349017 -0.960166
15777 29 1472 714.434265 1.704994 -1.646727
14766 9 487 129.603790 1.069415 -0.987089
18653 85 4288 328.687317 0.093402 -3.027883
16172 149 7480 505.639771 1.273710 -2.351366
18520 30 1541 1115.043091 0.361996 -3.044276
18527 417 20868 618.753113 0.919041 -1.213569
15924 56 2831 582.876160 0.901095 -1.318804
17871 346 17302 380.698547 0.350487 -0.226160
17084 36 1843 613.806763 0.784818 1.659305
16573 99 4974 798.187378 0.108352 0.807071
17616 9 457 692.756775 0.756557 2.381732
17269 157 7871 189.184189 1.318947 1.746104
17128 57 2864 587.159180 1.032560 -0.335478
15785 180 9033 1616.901245 0.221429 2.099745
18753 195 9754 1313.034302 0.152388 -1.595861
15676 89 4484 102.823410 0.675403 2.208662
18697 342 17138 356.636841 0.728079 -2.397854
15482 104 5222 334.712036 1.694900 -2.303616
14901 161 8088 1510.259644 0.441606 -1.758811
14450 113 5658 522.862976 0.652012 -2.459659
16519 78 3904 166.526413 0.599363 0.116513
18044 30 1526 91.776665 0.932927 2.924697
17612 36 1839 1086.874390 0.273856 1.741592
16109 99 4975 1042.281006 0.406604 0.884557
15931 136 6816 355.249664 2.902387 0.062496
14643 117 5893 1643.856689 0.392869 -0.498034
18495 169 8457 297.873901 0.779009 1.574964
18795 9 461 259.109589 2.565679 1.542684
17824 2 130 201.770065 1.089986 0.698206
17267 56 2831 830.166748 0.352061 -2.623214
14897 111 5559 201.029617 1.405803 0.808306
16731 27 1386 704.899170 0.566022 3.022820
16731 264 13231 117.570496 2.245300 -1.413510
18748 88 4430 235.989349 1.828532 -1.984431
16877 22 1117 555.516846 1.044469 1.089202
18731 214 10702 600.669250 1.455184 1.487555
14294 15 765 610.219543 2.312983 1.528795
18933 188 9423 1443.656006 0.402676 0.513066
14611 55 2790 512.991516 1.288772 2.082882
16807 109 5479 703.691528 0.289443 2.270305
14316 13 693 2401.006104 1.849937 1.715131
15634 199 9958 496.766998 0.426089 0.917670
17467 16 835 688.070679 0.624207 0.188910
16960 214 10723 157.709045 1.090232 0.417763
17205 4 250 402.095093 1.083378 -1.753404
16006 411 20561 184.050644 0.869377 3.096154
17371 23 1167 1910.830078 0.096090 -2.533664
15960 44 2205 210.103149 0.097402 1.571107
17876 91 4590 1963.969849 0.363121 0.176308
18709 44 2233 98.524872 0.904991 -2.320149
15975 97 4873 1712.239014 0.436857 0.164253
14516 36 1803 147.649200 0.815211 -0.642428
18619 178 8948 183.363510 0.997966 1.852344
15222 68 3428 181.177185 1.299788 2.957971
16494 40 2035 398.537415 0.368240 1.158158
14361 20 1009 1113.155640 0.634583 0.501333
16275 78 3925 146.283417 1.200296 -2.965786
17701 54 2706 281.841309 0.482372 -2.799892
14870 1 91 358.022644 0.835580 -3.029676
16227 270 13518 829.610046 0.881025 2.993118
18527 623 31197 593.714417 0.652070 0.416511
15762 312 15619 322.612610 0.540938 0.266364
18007 31 1576 542.757935 1.618990 -1.677203
18781 132 6635 383.994141 0.609237 -0.416969
17858 307 15395 432.657593 0.256809 -2.639745
17383 556 27812 215.909027 1.186130 1.110331
18266 1 77 925.278870 0.490319 0.070962
17103 48 2408 547.955139 1.260134 1.147417
14911 84 4205 617.275269 0.527205 2.548649
16888 404 20235 392.952820 0.478872 2.512129
17114 172 8618 679.948425 0.669495 0.700069
17254 0 34 174.999863 1.298827 1.520292
15590 95 4783 338.003845 1.340703 1.674950
14603 106 5347 117.607727 0.924601 1.253961
15407 156 7804 161.468933 1.115611 -1.849437
15778 83 4175 660.414673 0.287303 -1.833113
15778 133 6698 750.576355 0.908464 2.424842
16352 215 10790 344.585968 1.204260 2.576286
18679 45 2264 2082.244385 1.855220 -1.542560
15922 11 579 200.143723 1.821765 -1.349005
15785 192 9613 1257.929688 0.172435 -0.085743
16199 314 15727 398.333405 2.102777 1.211038
14912 264 13233 106.458229 1.683103 -2.464162
14376 116 5812 106.966019 0.679800 -1.840782
15528 238 11932 381.102264 0.018894 -1.121597
14990 199 10000 121.950508 0.863990 -1.297038
17448 190 9517 87.679298 0.382664 -1.906097
15921 140 7050 681.926880 0.245523 0.379364
15782 18 949 340.059906 0.755149 -2.225223
14622 4 243 639.875427 0.632403 -0.388555
17312 14 701 110.041412 0.906072 -2.141595
18953 282 14145 776.411011 0.331529 -2.850588
15179 98 4935 353.847870 0.257751 1.161115
15145 186 9320 227.615784 1.368881 -0.240813
14174 5 277 2563.657715 0.223008 0.131274
14677 45 2268 416.321838 0.809169 -0.758652
17165 65 3281 712.075562 0.333089 -2.962825
17165 87 4395 79.969460 0.696808 0.216020
17482 36 1850 880.553528 0.247571 -2.995498
14876 9 495 1210.700684 0.408191 -2.542101
17249 124 6209 294.768219 1.084270 -0.026232
16742 11 565 1834.096802 0.352449 -0.904472
15946 171 8572 1124.753418 0.555224 0.251923
15234 23 1198 469.819916 1.249600 -2.697416
16746 104 5216 373.323425 0.445857 0.578219
16818 60 3038 796.236328 0.435465 -0.699625
15339 48 2435 2297.449707 0.118378 2.338393
18919 26 1318 478.681122 0.694174 -2.143115
16148 44 2228 393.356934 0.777884 -0.452953
14356 243 12154 1966.276733 1.324330 -0.769370
17372 36 1845 123.382896 2.228750 2.397287
16036 19 968 169.516617 0.907253 -1.939755
16022 32 1649 361.789825 2.018595 -0.992763
14598 55 2754 821.802429 0.178079 -1.125738
14548 178 8950 1448.300415 0.294493 2.945717
16219 159 7982 1138.465942 0.779137 1.865103
15411 266 13350 546.335693 0.410351 2.985038
17206 240 12043 305.237396 1.322682 -1.797110
14592 35 1793 431.648865 0.938876 -2.709247
18923 275 13785 177.763458 0.842205 -2.975087
17978 374 18730 180.353302 1.271044 1.626047
15457 66 3307 1048.338989 0.336675 2.850098
17312 163 8194 370.867065 1.063592 -0.268234
16462 53 2669 706.145203 0.500529 -1.546505
16910 169 8476 243.642517 1.375400 0.015671
16464 11 584 1424.527588 0.114283 0.313604
18754 5 273 1248.149536 0.333210 -2.796558
17030 88 4417 560.330017 0.193851 2.337425
18625 4 242 1100.085693 0.147378 2.900878
15870 73 3683 1128.858154 0.442981 2.233635
15762 159 7980 288.836395 0.207328 -0.450202
15923 316 15841 298.866730 0.759870 1.403803
17829 252 12648 430.155853 0.262187 -3.136306
17655 277 13868 204.921844 0.953204 0.753815
15138 90 4508 2009.556152 0.260981 1.748381
15391 122 6141 519.395508 0.611214 1.748503
18860 64 3222 98.062820 1.189670 2.144166
15909 52 2629 252.042267 0.630070 -3.067834
17989 76 3849 150.602219 1.420163 0.114955
15017 67 3393 103.667755 0.503077 -2.172149
16785 50 2535 129.340759 0.147142 -2.470278
16226 75 3755 432.149139 0.798670 -0.089150
15421 139 6968 169.312653 1.549726 -2.702228
15834 214 10734 732.649170 0.318190 1.723593
14148 29 1458 1007.588806 0.340703 -0.044864
15425 19 975 284.511963 3.085148 1.213683
14259 290 14521 125.386833 1.118284 0.056551
14329 158 7923 581.127502 0.438922 -0.802043
14450 115 5794 493.199097 0.367484 -0.158986
14271 244 12219 412.795074 1.309980 0.753665
14876 42 2134 335.887115 0.403920 -3.001043
17301 112 5603 371.672760 0.314427 1.658758
17005 280 14014 2033.264526 0.300741 2.381253
17138 94 4708 154.866669 1.018922 -2.710947
16508 4 229 751.358398 0.774222 -0.869210
16583 150 7535 646.490845 0.695587 0.858413
18929 85 4277 388.055817 0.932926 -1.983767
14749 161 8053 109.735794 0.344674 -1.256363
14975 170 8508 203.007233 0.375227 -1.243723
15182 68 3411 644.688843 1.215642 -1.373032
16853 90 4544 697.312561 2.116498 0.799865
16119 506 25342 1090.116455 0.423394 0.113575
17400 154 7701 716.225037 0.518886 -2.980909
15316 32 1620 704.406372 0.408300 -0.055308
17140 124 6213 402.643463 1.555614 -2.161318
14958 48 2410 274.377014 1.766417 -0.255256
16160 209 10470 248.603348 0.324490 -1.121070
16119 549 27489 668.109192 0.929891 -0.301047
17400 140 7014 467.977112 0.591529 0.792389
18677 23 1168 148.961380 0.185676 3.011328
14464 215 10763 280.137024 0.381269 2.361817
18226 9 486 1623.238403 0.042903 -3.131434
17683 146 7304 621.390198 0.449722 -2.226459
17667 101 5056 235.400940 0.408212 2.280823
18489 280 14028 204.673889 0.560223 -2.924247
18754 30 1524 329.877533 1.280666 -1.338872
14470 46 2347 303.402405 1.076996 -1.959347
15689 341 17088 452.530518 0.501838 0.557067
14269 194 9723 264.964600 0.876682 2.291148
18228 151 7586 280.729431 1.399458 2.926377
16023 169 8466 642.631531 0.590365 0.455293
18008 7 388 429.784546 0.806190 -1.525136
15701 282 14127 190.231125 0.551748 -0.474726
15464 233 11664 313.155945 1.559759 1.554313
14948 150 7548 358.908173 0.420656 -2.791342
14920 45 2274 285.515106 0.700606 -1.126060
17172 1 85 962.809387 0.249470 0.158020
15491 308 15426 579.020386 0.239124 0.404829
16414 51 2571 148.546890 0.240136 -2.975398
15933 106 5340 658.397095 0.530579 0.497684
15954 0 13 415.789734 0.322158 0.543694
16272 312 15614 763.547974 1.738136 1.533406
15975 70 3516 955.127502 0.241267 -0.061681
16694 60 3001 280.206451 2.607222 2.887399
16694 95 4757 379.597015 0.253471 3.125443
14816 208 10409 914.238953 0.611639 -2.723759
16113 102 5140 293.564819 1.073892 0.936459
17339 301 15073 1353.473877 0.209294 2.692135
14936 7 376 268.635284 1.444414 -0.414136
18951 232 11626 972.717651 0.569254 2.886149
17552 168 8441 138.070160 0.916119 -1.996725
17308 124 6234 596.090210 0.306481 2.836985
18234 12 613 510.812958 1.406171 0.248867
15369 68 3439 772.902710 0.430203 2.949797
16889 5 294 304.745728 1.824822 -0.411301
18492 498 24919 537.774048 0.814310 1.327168
16694 27 1382 767.753479 0.463127 2.269846
14743 131 6592 288.798126 0.367572 -1.548409
18232 103 5155 2305.981934 0.272175 -2.950812
15291 69 3490 470.337646 0.743998 -2.963310
17155 83 4172 107.819191 2.449928 -1.911615
14340 53 2664 78.880249 1.770470 1.846229
18258 39 1951 682.959595 0.250958 0.182356
15369 323 16168 548.458374 0.971091 2.860090
18603 173 8682 300.284607 1.146830 1.951198
15136 122 6140 808.458679 0.292195 2.930072
15797 18 908 412.908630 0.684672 0.125320
17662 200 10037 199.476120 1.046762 0.641289
17594 9 473 188.584717 0.314424 -1.068199
17056 221 11062 640.356628 0.775526 0.264439
15500 59 2958 582.881470 0.347260 2.357891
15140 179 8997 1346.170532 0.170332 -0.021995
15965 366 18311 375.066406 1.355160 -2.137535
14455 221 11055 270.391632 1.226040 0.922208
17139 110 5516 131.033051 0.248612 -1.756275
18489 146 7341 300.437927 0.220382 -2.749159
15425 147 7393 477.633453 0.450501 2.642372
15652 17 867 214.169571 0.907598 -1.402633
14564 163 8159 863.143677 0.061417 1.368333
17324 17 872 764.055786 0.338272 2.220488
14968 112 5618 645.891968 0.510262 -2.589951
17840 110 5519 261.484894 0.884782 1.127620
14202 9 452 1244.050659 0.417496 2.701481
15491 278 13909 961.223389 0.532547 -0.814733
16518 105 5281 190.749634 1.320933 -1.093002
16724 6 346 300.025482 0.453734 2.739581
18678 195 9760 1314.053589 0.244832 2.949393
15479 162 8103 357.572815 2.539627 -1.662218
18929 85 4277 388.055817 0.932926 -1.983767
18690 50 2541 197.284851 2.747237 2.526924
16122 164 8241 145.327194 0.914181 1.491112
15465 86 4301 230.031738 2.289100 0.017306
18044 503 25171 334.689636 1.133329 0.015545
18208 11 551 1161.333618 0.242882 -2.881737
17669 20 1032 423.706085 0.413504 0.236577
15722 155 7788 133.413437 0.275151 2.972769
17269 153 7697 334.073151 1.850243 2.800965
17600 71 3566 164.756332 2.850801 -2.392147
18603 144 7214 1311.608154 2.075579 1.463202
15335 171 8561 2322.131104 0.184219 0.130073
17851 208 10411 1250.320923 0.308000 -2.978211
18873 33 1652 308.539276 0.596695 0.082195
18007 96 4844 667.062988 0.878873 2.488172
14276 23 1161 353.865448 0.399118 0.904906
18059 98 4907 447.334808 0.914862 -1.304392
17383 387 19351 162.701691 0.266997 -1.197429
17306 91 4597 369.897247 2.258337 -0.048306
14286 24 1242 1351.052368 0.836695 -1.485256
17005 43 2151 313.656616 0.647005 2.609990
14428 224 11227 80.850067 1.294078 2.434102
15965 51 2554 396.221924 0.240447 0.933544
14220 41 2075 641.841064 0.355970 -1.321598
15509 101 5100 548.424622 0.486325 1.063999
18062 157 7895 196.545517 1.272101 -1.694130
15520 95 4793 318.749664 0.769601 -0.138538
17065 163 8160 458.993988 0.709707 1.158204
16749 50 2506 504.478088 0.936975 2.205010
18024 578 28911 971.911438 0.339239 -1.254883
17475 2 124 268.989624 1.345263 1.584478
17695 116 5849 181.534515 1.547707 -1.870493
17614 71 3551 232.092606 1.027947 -0.058535
18463 530 26542 704.042847 0.406060 -1.623924
15959 59 2989 136.339783 0.496992 0.539342
17449 51 2598 123.596085 2.320237 2.789524
17322 45 2256 331.934692 1.454655 -1.720881
15916 399 19972 115.840851 0.741570 -0.445420
17681 4 208 916.829773 0.625917 -1.025058
17681 8 407 1041.637207 0.277273 2.282860
14469 88 4404 201.337128 1.403944 -0.121486
15957 39 1958 263.561432 1.134980 -2.194606
15099 46 2306 587.841797 0.988621 -2.566342
14713 64 3240 314.668793 1.254614 1.120569
15783 102 5106 121.527428 1.544905 -1.461781
15893 40 2025 740.870544 1.049620 -2.165258
16770 135 6753 225.669403 0.481453 -1.762398
15603 113 5699 150.619614 2.815710 2.246116
16964 86 4323 628.570862 0.279917 0.721289
15601 11 573 315.038971 0.476394 -2.334747
18007 83 4193 1077.263550 0.168991 -0.206979
16227 106 5344 616.691406 0.141650 -0.381174
15013 130 6549 127.469086 0.818035 -1.354986
17415 95 4771 89.695068 0.338220 2.660385
14329 251 12553 739.139465 0.332603 2.284093
17763 45 2280 989.160339 0.341862 -2.139781
17004 247 12354 1335.632446 0.590793 -1.487993
14275 10 522 763.866638 0.443746 2.966903
14377 119 5992 299.161499 0.379204 -0.195977
14228 37 1869 454.739105 1.834405 -1.830623
15877 227 11374 154.228073 1.804771 -1.596887
16479 6 327 982.888489 0.499042 2.282248
16846 184 9221 617.280334 0.502899 -2.051882
17415 272 13648 224.360489 1.650146 -3.011604
14903 200 10034 277.874176 0.149383 -0.901785
15774 18 915 148.366806 0.436638 -2.766310
16483 28 1435 170.029312 1.416621 -1.460654
18048 140 7049 141.391953 1.161325 1.317866
18506 24 1242 245.531464 0.589439 2.424967
18272 68 3445 405.958832 0.987750 -2.543859
17667 154 7738 92.944687 0.991112 2.491423
16509 120 6045 1057.385376 0.687894 1.282406
18876 25 1299 718.237915 1.467548 -1.587487
17394 69 3461 793.693481 0.648786 2.982993
14642 41 2054 128.154068 2.578681 0.061294
15102 51 2551 1177.619263 1.230538 -2.226667
17114 70 3510 1060.109009 0.151992 -1.637097
15873 141 7097 242.435135 1.895221 1.503817
14266 39 1956 147.094803 0.418299 -1.009875
18687 265 13261 525.343140 1.150025 2.195926
14438 165 8282 812.798706 0.193285 -1.299521
18786 116 5816 2239.423340 0.189744 2.666651
16023 384 19219 276.218506 0.183643 2.678427
14454 0 7 1784.829712 0.136894 -2.934347
14161 104 5248 1476.893921 0.817784 -1.522257
18679 86 4328 188.107635 0.317025 1.912140
15516 81 4098 212.011169 2.966920 -2.953263
15948 41 2088 428.023865 0.396906 -1.798126
18010 241 12100 616.285706 0.277669 2.719656
17165 67 3400 202.000031 1.674202 -1.520909
14427 174 8716 418.846863 2.971078 0.850262
18701 273 13666 724.435059 0.793293 1.250938
17675 57 2868 819.171082 0.518697 3.086535
15463 143 7179 111.543686 2.417867 0.328964
16205 58 2919 336.998840 0.775670 0.997952
14985 57 2871 188.623444 0.688927 0.543622
17458 29 1496 224.392838 0.732758 2.621984
15222 72 3632 921.668640 0.421409 1.256451
15222 191 9595 353.162537 0.851371 2.359502
15412 24 1238 1033.054932 0.296020 -3.052205
15778 104 5228 511.899048 0.083326 1.651962
14610 71 3594 631.422791 0.478406 2.688678
14610 87 4356 260.845612 0.921625 0.139041
16787 73 3697 155.643402 1.341867 0.711232
15456 44 2222 450.455719 0.750427 0.064433
16573 83 4153 896.010254 0.430223 2.911108
14667 8 406 685.750366 0.759031 2.717785
14329 282 14111 464.807709 0.669079 0.827284
16155 8 433 1865.643311 1.882468 1.698451
17352 177 8879 2130.736328 0.120860 0.215849
14327 71 3592 1031.109619 0.913245 -1.572542
15086 114 5702 1532.303833 0.372757 -2.941307
18779 152 7606 328.621155 1.187323 2.889723
18512 145 7265 828.985352 0.332990 0.154737
17361 181 9051 224.561417 2.868461 2.135025
14623 26 1349 173.941452 1.399739 1.745390
18863 22 1110 442.057617 0.138509 3.129082
14260 68 3435 583.869690 1.487550 1.160297
15422 90 4503 1124.120850 0.379885 -1.141060
15639 96 4817 256.218689 1.091541 -1.885973
17271 67 3384 562.162537 2.322700 2.634909
17451 107 5397 490.136475 0.539744 -1.549677
14148 30 1510 631.256226 0.431871 0.675093
14445 129 6497 1058.520630 1.385334 0.173900
18659 42 2114 442.934875 0.497362 -2.893407
15430 19 952 533.340881 0.889491 1.491391
17349 55 2777 233.148285 0.352488 -1.194811
17696 32 1637 161.683823 1.287040 2.013685
14134 28 1446 140.066696 0.909277 -1.161122
17833 18 929 114.246651 0.385577 -1.999976
15231 200 10009 196.311249 2.713181 -0.668962
16387 37 1854 197.511948 0.596126 -2.866197
17611 4 202 335.957733 1.006959 1.048357
16978 381 19088 451.678436 1.165302 -2.602226
14121 100 5039 265.797913 0.972506 -3.042981
14802 269 13454 211.115677 2.069282 -1.195552
17494 118 5912 1194.932251 0.518901 1.842209
17745 44 2226 575.122314 0.672164 -0.180808
18754 8 441 625.483093 0.487448 2.523146
17169 293 14666 245.260162 0.950608 1.208019
14193 50 2503 162.414581 0.853325 -2.234718
14294 25 1292 338.089142 0.599685 -1.590345
17846 103 5155 774.223328 0.545446 -1.576235
18574 9 498 1005.905457 0.937778 2.919538
15316 127 6381 434.851379 1.321790 -1.478240
17447 113 5683 328.686157 0.442719 -2.118727
14343 277 13865 185.004150 1.752418 1.576803
14297 66 3316 209.814270 1.768175 -2.290675
17665 28 1402 92.802689 2.536918 -0.540680
14706 97 4856 162.134399 1.440118 0.521829
17332 24 1207 654.768860 1.176950 -0.378766
16141 17 854 281.108795 0.424174 -0.206008
14637 79 4000 521.797607 0.785390 -1.972480
15391 87 4381 151.881760 0.612617 0.306358
15339 221 11059 1008.922302 0.667278 3.100538
15315 13 699 240.808975 0.092085 -0.305480
15644 1 81 354.627899 0.889198 2.979408
16462 60 3026 94.415161 2.273964 1.901372
17348 13 653 243.551041 2.253545 -1.034677
18752 376 18830 610.928650 2.033798 -1.768843
14824 276 13813 1041.438232 0.353582 1.380992
14907 143 7165 374.985168 0.982671 -1.434455
15656 23 1166 129.084625 2.081877 2.107521
18665 210 10503 829.109131 0.471393 -1.574819
14245 199 9975 794.007385 0.291494 -2.948101
17638 52 2639 143.783493 1.525173 2.363962
18903 391 19588 206.761368 0.743864 -0.394600
17354 38 1931 359.472870 1.849714 2.382502
17448 36 1802 81.684547 1.979150 -0.584936
18039 101 5090 434.940643 0.576523 -0.608984
15425 106 5308 127.227135 0.684348 1.097299
15599 9 484 226.391724 0.235983 -1.732009
15589 358 17950 823.105408 0.175311 -2.004221
16379 235 11769 991.092773 0.665629 -0.405190
16978 407 20400 320.093384 2.764825 0.883320
17077 166 8338 926.209656 0.495989 -2.824711
17488 44 2221 460.685272 0.392562 1.422894
17726 182 9135 337.362457 0.556961 -2.883627
14664 47 2394 122.859955 1.465278 2.645128
17655 361 18097 691.388550 0.697551 -0.979515
14749 159 7991 172.779556 2.415375 0.613852
15238 132 6620 239.383087 1.051395 3.014809
16964 169 8452 326.680084 1.653505 -0.218182
16942 25 1260 941.305237 0.418155 -2.383503
17029 258 12920 1509.388184 0.183761 0.468892
16817 16 847 1253.567627 0.364225 -3.101243
14427 242 12103 535.262695 0.871875 -2.342928
15266 67 3378 81.752007 1.378727 -2.675617
16013 62 3128 605.877075 0.941062 1.830557
18021 388 19431 185.667511 0.840279 -0.656169
15002 47 2381 713.027100 0.673504 2.398642
15437 33 1657 1281.885986 0.896601 -0.174998
14603 2 103 918.310364 0.691307 0.314160
17689 72 3646 729.813232 0.106108 -2.802750
17875 212 10610 327.122986 0.358144 1.753913
17169 235 11753 2433.989746 0.229716 -0.166138
18233 219 10997 138.370117 0.363826 -2.260495
18233 276 13814 659.311218 0.421848 3.101890
16834 28 1428 395.657104 1.344974 -1.409999
18577 231 11591 1615.674683 0.253423 2.177346
