7021 643 32183 0.407093 0.604122 -1.064312
7008 306 15333 1.715136 0.163184 0.743961
7014 673 33682 0.305477 1.397320 1.291206
7014 673 33693 0.305841 1.803998 0.731542
7020 916 45806 0.219735 1.932023 -0.464255
7020 916 45820 0.616377 0.357151 -2.367706
6058 73 3699 0.350882 2.015339 0.330682
7022 149 7456 0.136713 1.428532 2.521083
7007 103 5197 0.592682 2.882487 -0.984863
7049 459 22996 0.389871 1.490050 2.200629
7003 394 19722 0.345235 1.205683 1.948470
7003 394 19736 0.243103 2.631264 -0.621446
7003 394 19739 0.410641 2.388892 1.297143
7055 57 2887 0.153043 2.890418 -1.148664
7025 496 24827 0.711277 0.199295 1.179302
7023 250 12541 0.189767 2.614452 -0.277375
7010 868 43413 0.227317 0.829308 1.788770
7010 1645 82262 0.166700 1.437683 -0.861278
7007 100 5043 0.470463 1.554102 1.111112
7010 769 38468 0.406485 2.066011 0.198108
7010 769 38486 0.924855 3.008568 0.818269
7012 516 25841 0.171021 0.894893 1.133207
7012 516 25848 0.263323 2.910210 2.518880
7025 156 7813 0.212526 1.341937 2.080378
6973 33 1686 0.241807 2.685179 -2.614833
6973 35 1753 0.256367 2.472490 3.088777
7562 112 5626 0.201056 1.142066 -2.454809
7022 109 5471 0.357453 0.714715 2.876923
7022 109 5495 0.261882 1.130937 -1.618557
7049 91 4558 0.523688 0.364152 -0.422497
7023 674 33749 2.035390 0.074352 0.022905
6901 174 8714 0.278127 1.711643 0.551516
6901 193 9674 0.383341 1.034613 0.341400
6319 135 6753 0.274824 1.879169 0.970311
6676 90 4538 0.293146 1.136206 -2.078403
6199 200 10033 0.332750 0.567047 1.106393
7012 523 26173 0.273468 0.566171 1.142495
7012 523 26178 0.202075 2.684961 2.763826
7025 482 24131 0.489834 1.553065 2.382539
6478 115 5780 0.256381 1.063694 -1.794986
6478 118 5932 0.322662 1.501282 2.308843
7025 591 29586 0.287999 1.415325 1.260548
7051 63 3164 0.590774 0.511300 -0.485593
7008 1266 63316 0.453992 0.949517 -2.888803
7012 103 5185 0.145340 1.688868 -2.167467
7012 103 5197 0.579191 0.481201 -2.352960
6916 99 4976 0.247881 1.037058 -0.480009
7049 1163 58189 0.142663 2.262987 -1.871462
7049 1163 58198 0.806753 2.747334 2.602920
7054 330 16516 0.662350 0.273667 -2.228868
7008 771 38556 0.431587 2.337661 1.314611
7008 771 38585 0.324916 0.459513 0.124960
7014 1427 71351 0.281513 1.506941 -0.625807
7012 1695 84752 0.295071 0.651124 1.804952
7012 1695 84798 0.212686 1.098206 -1.484095
6190 49 2480 0.211077 1.834019 2.421001
7012 1261 63071 0.147508 1.399861 0.860975
7012 1261 63074 0.491844 0.571918 -1.348404
7003 1189 59495 0.242316 2.404052 2.603535
7003 1189 59500 0.796685 0.296655 -1.974660
7023 598 29938 0.335267 0.952350 1.107195
7411 108 5446 0.360004 2.126304 2.962645
7055 292 14641 0.559651 3.084538 -2.564314
7055 292 14644 0.173915 1.999924 0.565129
7046 3 164 0.351268 0.968552 1.050257
7010 384 19242 0.331789 2.219338 2.094188
7049 1209 60458 0.214069 0.346846 1.444370
7026 591 29566 0.216455 1.804880 1.531460
7006 477 23882 0.650054 0.901825 1.853924
7006 477 23890 0.321164 2.294662 -0.350587
7669 146 7302 0.401157 2.053977 -0.786275
7010 862 43127 1.476252 0.183647 1.731414
7016 122 6138 0.328721 0.692045 2.180929
7026 643 32176 0.495043 0.573547 -1.005512
5222 3 197 0.448398 1.062252 0.747509
5151 173 8654 0.422838 3.092656 1.507239
7010 1318 65902 0.248969 1.199978 0.807033
7010 1318 65904 0.136335 1.989941 -2.821527
5165 3 174 0.272549 1.096423 -2.642014
6284 47 2369 0.723750 0.682872 1.267128
6917 39 1976 0.394361 0.838823 1.464714
6917 40 2049 0.334084 2.914469 1.327995
5515 123 6196 0.130057 0.430616 -2.527998
5226 69 3481 0.150307 2.343253 1.228373
5226 70 3547 0.203596 2.631394 -2.027892
7010 664 33211 0.328995 1.900905 -0.470053
7010 664 33223 0.577861 2.848686 2.075046
6957 203 10182 0.217954 1.363630 0.996528
6957 204 10216 0.258440 0.725205 -0.498140
6957 206 10309 0.213460 1.179080 2.656399
5437 193 9651 0.543684 0.110045 -2.063904
7023 327 16359 0.188862 0.606322 -0.584031
7023 327 16362 0.555009 0.370935 1.601067
7021 321 16083 0.164432 2.982599 1.280549
7026 389 19468 0.225890 2.915796 -2.528541
7026 389 19478 0.432551 0.984786 -1.329021
6203 91 4571 0.631603 0.171161 2.604000
6973 185 9257 1.587485 0.158090 -2.676601
6973 187 9373 0.478270 2.918952 1.047181
6881 0 29 0.706388 2.637417 -1.626859
6881 0 41 0.214337 2.121098 2.653243
7003 295 14758 0.494812 0.191659 -2.704189
7003 295 14777 0.186276 1.307511 0.880755
7054 134 6742 0.421256 1.176341 -2.310061
7054 134 6747 0.306969 0.702340 -2.452035
7008 364 18211 0.170656 0.882645 0.408129
7022 190 9507 0.234915 2.594928 1.249236
7022 190 9530 0.250876 1.022487 2.929237
7022 190 9544 0.162672 1.430259 2.016292
7054 1338 66925 0.551237 0.603664 -1.992574
7054 1338 66944 0.179140 1.451112 -2.628501
7025 616 30833 0.290312 2.270489 2.909501
7025 616 30848 0.278726 1.515134 0.917883
7023 1927 96385 0.206379 2.374302 -0.440908
7007 108 5419 0.235548 2.195079 2.775672
7007 108 5421 1.700736 0.229743 0.983481
7007 108 5427 0.277717 1.194815 1.131768
7132 9 463 0.258863 3.023908 2.775171
6115 72 3642 0.423969 2.566379 -0.328436
7047 27 1366 0.204584 2.513530 0.275046
7012 1307 65365 0.193716 2.829344 0.107671
7049 1181 59051 0.274004 1.179865 2.388997
7049 1181 59079 0.126936 1.539732 2.263938
6564 112 5610 0.227231 0.673359 2.802618
7008 1055 52777 0.364202 0.362329 3.060982
7008 1055 52793 0.519304 2.613105 -2.980344
7049 1920 96019 0.391894 0.889269 0.045558
7049 1920 96033 0.484544 0.293050 0.899330
7049 1920 96045 0.143297 2.132809 0.419206
7001 799 39968 0.339688 1.259644 2.064823
7001 799 39974 0.479645 0.816289 1.265427
7001 799 39975 2.477308 0.118516 -0.546879
7001 799 39977 0.454718 0.237927 1.804697
7017 198 9906 0.281936 2.404333 0.591098
7017 198 9917 0.189769 2.697094 1.656046
7017 198 9923 0.481373 0.162794 1.508714
7017 198 9950 0.327492 0.980912 0.637473
5015 13 685 0.242077 0.961604 1.827030
7012 1125 56284 0.343998 2.034999 -2.562043
7004 1540 77006 0.200752 1.199615 0.513757
7004 1540 77010 0.199886 2.733708 2.218746
7004 1540 77027 0.253983 2.849755 -0.886232
7003 644 32203 0.406750 2.756828 0.861656
7018 955 47795 0.290556 1.380760 -2.394833
6680 138 6907 0.169354 2.821700 -2.923221
7049 1256 62847 0.291912 2.633561 0.861506
7053 3 158 0.241070 0.421331 -1.690022
5110 37 1864 0.487726 2.850794 -2.774270
7001 547 27381 0.361493 2.747015 0.608822
7014 183 9160 0.330224 2.810296 -2.969352
7014 183 9199 0.253634 0.985088 -1.082007
7485 2 147 0.226305 1.160485 1.328210
7054 1842 92139 0.154527 2.453995 -0.962706
7054 1842 92141 0.320260 2.513609 -0.838935
7014 1635 81778 0.320641 1.559627 0.750757
7003 1354 67701 0.426313 0.479780 0.549010
7003 1354 67721 1.438886 0.067308 2.358200
6882 69 3476 0.753987 0.273303 2.278687
7023 1173 58698 0.475773 1.884898 0.489151
6822 70 3531 0.239034 1.795835 -2.599583
7025 280 14001 0.607811 0.550573 2.834226
7025 280 14007 0.371585 1.864169 0.771968
7025 280 14047 0.122771 1.381434 -2.642630
6954 39 1956 0.213113 2.200073 1.423786
6954 39 2000 0.366216 2.098004 -1.780284
7001 197 9887 0.366686 1.087548 1.822500
5918 51 2578 0.570622 2.796838 -1.022487
7010 365 18251 0.450344 0.387201 -1.006680
7010 365 18257 0.459984 0.304514 2.458121
7010 365 18297 0.356354 2.159469 0.895809
7014 1122 56145 0.222733 0.575482 2.304929
7004 113 5681 0.122462 0.505145 -0.659400
6748 89 4452 0.123071 2.365233 -1.135255
6748 89 4468 0.262174 2.448761 2.915283
7003 703 35167 0.191908 0.473607 -0.179635
5326 59 2963 0.315651 2.566074 1.495450
5326 60 3036 0.150589 2.508988 -0.341296
6506 127 6352 0.629079 0.114544 0.712739
6506 176 8850 0.495199 2.240566 -3.066909
7014 1105 55265 0.241742 2.300071 0.361300
7014 1105 55289 0.156796 2.820493 2.067420
6332 34 1750 0.268535 2.426073 -3.078376
6332 36 1849 0.117727 2.998416 -1.264687
6332 44 2220 0.426823 1.365718 -1.389133
6973 96 4840 0.332812 0.755963 -1.473348
7055 315 15763 0.292255 0.704081 -2.174837
6404 50 2507 0.180712 0.391809 -2.653584
6404 51 2576 0.170895 1.654022 -0.502360
7021 468 23448 0.184134 2.010888 2.523506
7018 488 24438 0.315300 2.645216 1.154010
6121 9 484 1.033184 0.332832 2.731664
7010 561 28053 0.207904 3.024357 2.025401
7004 830 41515 0.313579 1.399705 -1.757307
7004 830 41539 0.137500 0.922568 0.635785
7020 55 2763 1.128539 0.040063 -2.816649
6717 3 163 0.220473 1.781246 0.245865
7021 807 40361 0.247949 1.439499 1.197201
7055 772 38644 0.275962 2.200310 0.227680
7049 1881 94064 0.275835 2.065383 -2.565495
7008 923 46185 0.333454 0.910290 1.997537
7021 291 14559 0.350124 1.199336 1.217874
7021 291 14575 0.285294 0.484232 -0.005916
7020 1718 85945 0.280079 1.660640 1.891876
7011 110 5511 0.506832 0.937797 0.762240
7011 110 5519 0.295740 2.630802 -1.346504
7011 110 5542 0.614408 1.637343 1.329562
6881 131 6569 0.331937 0.762719 0.745178
5217 14 718 0.285496 1.429673 1.020848
6052 49 2480 1.916726 0.198091 1.798304
7012 1441 72081 0.288653 2.792499 -1.356503
7012 1441 72091 0.133087 1.833761 -0.472958
7003 1633 81675 0.245698 2.019175 -0.084438
7003 1633 81677 0.291657 0.917106 -0.767591
7003 1633 81691 0.347905 0.670436 2.178362
6563 130 6544 0.198777 1.264550 2.408510
6563 132 6632 0.164975 1.685196 -2.602971
6563 133 6654 0.364335 0.923770 -2.446287
7012 14 733 0.427908 2.385350 0.645062
7012 14 740 0.354979 2.490780 -0.192317
7001 685 34256 0.202448 1.921704 -2.094398
7014 760 38022 0.290344 2.417703 0.864974
6917 90 4526 0.156825 1.094529 2.122937
7006 243 12171 0.296906 2.812378 -0.150538
6216 88 4428 0.188872 2.804676 -2.615208
7014 1338 66916 0.321664 0.852031 0.922542
7014 1338 66936 0.404596 2.173421 -0.233340
7054 65 3255 0.320735 2.404686 2.088813
7054 65 3298 0.159479 1.933917 0.300523
7049 1284 64201 0.528401 0.136476 1.083372
7004 252 12628 0.439998 1.707022 0.567801
6671 2 144 0.331605 0.615463 -0.195299
7025 144 7202 0.169379 2.342299 0.384023
7025 144 7242 0.179263 2.079230 2.971179
7049 1027 51399 0.302644 2.335460 3.050935
6303 4 241 0.230728 0.559654 -1.082827
6303 7 385 0.305761 2.109966 0.422106
5095 32 1616 0.352509 1.534472 -1.669409
5095 36 1806 0.127811 1.897818 -2.881890
5095 38 1939 0.145891 1.172998 -2.188715
7054 965 48265 0.771603 2.855725 -2.003778
7054 965 48295 0.590376 0.123207 -1.394063
7017 966 48319 0.345191 0.446900 2.199669
7017 966 48349 0.206162 2.035796 -2.939465
7007 146 7306 0.601165 0.734470 1.595547
7007 146 7340 0.154752 2.367287 -0.868758
7049 1127 56354 0.613084 0.575901 2.277095
7014 730 36527 0.706791 2.455529 -1.912465
7008 241 12075 0.120660 1.670265 -1.620762
7008 241 12083 0.157299 0.466129 -2.571077
6766 17 894 0.323283 2.411389 1.420557
6766 21 1056 1.078606 0.401156 0.110205
6766 23 1167 0.160673 1.163443 -0.518500
7006 165 8275 0.307027 2.096368 0.589876
7054 1953 97695 0.128773 2.600923 1.518121
7010 1594 79732 1.316243 2.949187 1.929211
7004 192 9613 0.191775 1.027387 0.422704
7004 192 9642 0.529642 0.347632 2.122283
7018 544 27229 0.133022 1.358106 1.332208
7018 544 27244 0.187590 2.399399 2.769121
7003 568 28445 0.447769 0.289830 2.076621
7008 690 34533 0.494227 1.557094 1.877617
7003 937 46878 0.254314 2.306474 2.547802
7008 1426 71331 0.470868 1.596198 0.275584
7516 55 2770 0.152143 1.283219 2.550327
5334 30 1523 0.322542 2.847858 2.889028
5334 30 1538 0.207015 1.619819 2.246807
7001 878 43901 0.202691 1.837687 1.931765
7001 878 43908 0.278924 1.567798 -0.891061
7001 878 43910 0.310377 2.927372 2.268710
7001 489 24484 0.323827 1.986752 2.258735
7026 533 26656 0.214292 0.573371 2.641627
7026 533 26699 0.120429 2.960596 2.976116
7012 1389 69499 0.297655 0.990587 2.192520
7014 1008 50445 0.507377 0.647216 -2.604634
7017 580 29015 0.269657 2.307818 -0.263257
7010 781 39082 0.248377 1.344194 2.330030
7003 1131 56566 0.321449 0.583135 -1.445042
7012 1276 63802 0.185767 2.328265 0.262583
7012 1276 63814 0.280054 2.506737 0.219517
7012 1276 63848 0.216584 2.706357 -0.781061
7003 175 8753 0.402301 0.309289 3.116725
7012 1323 66158 0.642506 3.003378 2.235332
7012 1323 66184 0.358516 1.393028 2.774059
7023 1051 52588 0.447097 0.743475 1.363743
7010 499 24972 0.408377 2.200995 -0.958229
7010 499 24997 0.656617 1.043617 2.500464
7023 1811 90560 0.159571 1.214343 2.655804
7023 1811 90582 0.169139 2.115207 -2.875526
6915 72 3618 0.154477 1.183628 1.925588
6915 76 3807 0.478725 2.572703 -1.996198
6598 18 930 0.543754 2.724282 1.825440
6598 19 956 0.329401 1.116141 1.504849
6598 24 1243 0.520925 0.510769 1.929099
6198 6 334 0.425588 0.497026 -1.600418
7018 942 47102 0.380318 2.429960 -1.587877
7054 952 47617 0.128799 1.633872 2.653188
7003 1210 60518 0.360696 2.018262 0.809130
7003 1210 60549 0.289799 2.168169 -1.028860
7004 181 9090 0.209151 0.371003 -2.273890
7008 50 2501 0.409297 0.270245 -2.644748
7008 50 2539 0.504399 2.763786 -2.175581
7054 388 19445 0.405234 0.840500 -0.139733
7008 1020 51025 0.224402 2.095309 2.261580
7004 1539 76957 0.344526 0.420644 -2.111065
7004 1539 76980 0.894588 0.177950 2.860330
5340 63 3191 0.248988 2.602146 -0.998819
6091 52 2615 0.143185 2.472034 -2.820184
7026 447 22369 0.252318 2.148912 2.700277
5515 41 2070 0.129062 1.820830 3.072330
5515 46 2307 0.423756 1.502200 1.173451
6118 163 8189 0.344262 1.304666 1.059028
6105 2 124 0.229184 0.114203 -0.783552
7006 611 30591 0.309086 1.780740 -0.906998
6749 141 7095 0.302951 0.750385 -2.497861
6749 143 7162 0.235523 2.653161 -3.003506
7006 569 28457 2.069520 0.218093 -3.053463
7006 569 28495 0.351357 1.948163 -2.308835
7019 55 2754 0.846568 0.492970 -1.014892
7004 501 25066 0.168642 1.720525 -1.065164
7004 501 25075 0.468414 1.416510 -0.663906
6326 22 1130 0.446204 1.567653 -0.962601
6326 25 1260 0.370257 1.456717 2.517844
6326 27 1371 0.321017 2.872197 -2.246334
6326 27 1387 0.375577 0.704667 1.455208
6326 29 1463 0.353568 1.345821 1.491163
7020 1183 59152 0.269889 0.497802 2.588274
7023 993 49674 0.446185 0.537672 2.501613
7023 993 49695 0.239779 2.552519 2.887459
7014 672 33628 0.456352 1.272254 0.237473
7054 410 20508 0.192815 2.420893 -0.356072
7054 410 20545 0.382877 2.699022 -2.489125
7017 1659 82951 0.258820 2.640568 -2.746351
7017 1659 82969 0.157348 2.873316 -0.158273
7049 1811 90574 0.406175 0.915559 1.456913
7001 200 10034 0.278612 2.354406 -2.336209
7049 1299 64971 0.547467 0.696699 0.798417
6332 100 5014 0.220601 1.922647 -1.879321
7012 1569 78492 0.224792 2.193441 2.843831
7014 1659 82986 0.114780 2.295998 -3.082520
5016 61 3062 0.683657 0.090910 1.523885
7010 40 2015 0.192667 0.971803 -2.475470
7010 40 2026 0.172744 2.785867 -2.117132
7026 146 7303 0.364558 2.936127 2.027587
7026 146 7323 0.201960 2.060942 2.991264
7003 1530 76519 0.128876 1.414211 1.764266
7003 1530 76536 0.901711 2.847822 -1.231664
7026 511 25565 0.163146 1.649674 1.431518
7026 511 25569 0.136599 1.638658 -1.323267
7006 551 27560 0.198142 2.135591 0.336882
7006 551 27584 0.183930 1.737337 -0.468123
6855 161 8099 0.283326 2.792704 -1.707224
7049 1405 70254 0.224754 2.017047 -2.790848
7049 1405 70278 0.649751 2.617947 1.223978
7011 251 12560 0.700629 2.837266 1.450637
6952 210 10550 0.273611 0.832681 0.712494
7055 299 14953 0.463526 0.944979 0.635599
7055 299 14977 0.438762 0.257921 -3.050448
7055 299 14983 0.362724 2.185431 -2.865644
7055 299 15000 0.146582 2.349522 0.685304
7014 407 20374 0.274082 0.332587 -1.102261
7019 375 18756 0.473946 0.380381 2.935970
7019 375 18766 0.390598 1.581111 1.569240
6507 157 7851 0.238384 2.862589 1.515889
7023 1569 78460 0.341487 2.067242 -2.182821
7023 1569 78492 0.909873 0.336562 -1.937113
7023 1569 78494 0.565332 2.831704 -0.160250
7017 613 30686 0.237282 2.774812 -1.534110
7018 217 10860 0.247488 2.373566 0.622858
7003 323 16166 0.347415 2.250091 0.836310
7025 10 550 0.163394 1.018136 2.798592
5233 138 6943 0.203530 2.714792 -0.453098
5204 22 1118 0.241873 0.749473 -2.875310
7023 759 37968 0.152351 1.374562 0.789339
7023 759 37976 0.274868 1.463044 0.570224
7054 104 5206 0.294352 2.659204 -1.200029
7054 104 5244 0.118971 0.315116 0.530786
7054 104 5249 0.406242 0.930959 0.776174
6194 24 1239 0.227289 1.142442 1.268626
7049 1165 58263 0.627064 0.537578 -2.326122
7049 1165 58283 0.216018 0.489301 -1.687333
7049 1165 58293 0.294701 2.247560 2.030107
6625 40 2032 0.263538 2.765547 -1.834328
6625 43 2180 0.134406 2.487400 3.013458
7016 108 5413 0.343210 1.821493 2.371428
7016 108 5449 0.278946 0.595678 2.159968
7018 386 19314 0.430000 2.701328 -0.714554
7018 386 19337 0.302057 0.224713 3.057832
6963 12 647 0.225539 1.749868 0.835375
6963 16 850 1.135347 0.116039 -2.026752
6490 110 5543 0.258343 0.619770 0.709933
7018 468 23421 0.887887 2.643747 -0.728620
7018 468 23425 0.260598 0.817192 -0.103593
7018 468 23448 0.283766 2.759657 1.798582
6043 75 3790 0.550588 2.353718 -0.683230
7014 493 24672 0.130517 0.665690 0.747938
6787 214 10725 0.430053 2.360293 1.257578
6787 214 10732 0.462657 0.772543 -1.540830
6787 215 10751 0.166430 0.640386 0.834466
6370 17 874 0.199377 1.730966 -0.645390
7010 1159 57990 0.219896 2.570201 -0.105247
7008 898 44903 0.323134 1.796970 1.152090
7008 898 44928 0.489173 2.874398 1.076491
7391 359 17970 0.730894 0.815754 -0.123272
7004 1561 78060 0.121098 2.240702 2.626167
7017 194 9716 1.010178 0.188165 1.455482
7017 194 9737 0.363960 0.582760 1.455503
7017 990 49520 0.385958 0.599704 -0.008780
7017 990 49522 0.211965 0.824916 -1.539796
6544 350 17533 0.255961 2.252793 -0.145730
6544 353 17653 0.180314 2.329415 1.733374
7012 729 36488 0.304392 0.572250 2.286192
7012 729 36496 0.416338 0.215300 -0.501139
7016 96 4826 0.366900 2.773403 -2.915317
7017 764 38211 0.128706 1.954332 0.055170
6190 16 820 0.252961 2.538239 0.566610
7014 946 47337 0.391973 1.407166 1.426500
7012 1135 56765 0.291330 2.565080 1.410243
7012 1135 56797 0.293791 2.460905 1.445551
6827 211 10593 1.648483 0.077296 -3.106609
6827 213 10670 0.520192 0.825624 -2.189182
7048 138 6911 0.264720 0.279280 2.230063
7048 138 6935 0.300301 1.141029 0.898843
7021 128 6434 0.141630 1.857772 -1.464848
7017 409 20461 0.193695 0.288846 1.902035
7017 409 20463 0.193753 2.307630 2.061796
7054 28 1422 0.198302 0.479226 -1.923811
7010 261 13079 0.278551 1.961218 2.582108
7018 937 46894 0.335979 1.244483 2.020895
7018 937 46900 0.227359 2.167078 -1.394762
7019 320 16022 0.118364 0.775435 1.091997
6118 5 287 0.639882 0.815472 1.438995
6118 5 297 0.497694 0.942311 0.353231
6118 7 400 0.151363 2.650664 1.477772
7019 520 26039 0.384595 0.311809 -2.459002
6121 34 1749 0.487271 0.820122 0.953567
7130 1 88 0.131331 1.264452 2.670663
5390 19 986 0.203073 2.294889 -0.068760
5390 21 1075 0.273213 1.204564 2.917374
6024 44 2232 0.310263 0.428449 -2.269403
6024 48 2408 0.473507 2.933952 -1.225413
7011 233 11666 0.579911 0.372032 1.615642
7001 1089 54468 0.148844 1.997391 -2.712145
7018 355 17794 1.014106 0.082773 2.787358
7010 1258 62916 0.496099 2.242205 -0.386297
7010 1258 62926 0.164691 0.711711 1.067577
7025 610 30516 0.380920 2.200296 0.751962
7004 1025 51284 0.316558 2.680707 2.991015
7003 1175 58769 0.235300 2.634110 2.761279
7003 1175 58794 0.366579 0.903623 -0.030869
6219 76 3836 0.453491 1.555964 1.567721
6219 80 4034 0.300006 1.370531 1.140473
6219 83 4160 0.334223 2.375007 -1.924937
6219 83 4166 0.448863 0.465262 -0.023728
7018 626 31333 0.450694 0.800429 -0.854560
7006 30 1506 0.447519 2.914079 3.050338
7021 35 1773 0.249789 2.237353 1.729808
7021 35 1778 0.615546 0.574293 -0.466995
7021 35 1781 0.252708 2.612974 -1.048847
7021 35 1798 0.378077 1.468200 -1.808899
7048 166 8320 0.404611 0.598332 3.096825
5005 123 6188 0.548139 0.550302 -2.809613
6198 18 904 0.114750 1.029192 -0.499566
6122 34 1724 0.446472 0.394610 3.021304
5487 93 4684 0.916104 0.258069 1.283463
7023 1018 50928 0.145267 1.588314 3.080418
7010 1706 85340 0.558394 0.691730 -0.225157
7021 168 8432 0.307558 1.235915 0.900804
7001 57 2882 0.261343 1.959279 -3.139886
7049 636 31821 0.322672 1.103063 0.854608
6575 55 2776 0.178549 2.713099 -1.493913
6575 55 2794 0.329846 2.315196 -0.717733
7001 718 35924 0.226516 0.804488 -0.958059
7001 718 35926 1.069000 0.125713 2.180386
7001 844 42223 0.422311 1.446599 2.075190
6461 97 4892 0.218617 2.131997 2.892120
6461 100 5013 0.387163 2.577756 -0.431301
6461 100 5036 0.124455 0.869706 1.975820
7003 1271 63556 0.207526 1.848856 1.022305
7054 754 37712 0.505953 0.686524 0.634013
6100 92 4637 0.181298 1.355296 2.156041
7026 358 17932 0.328844 2.278579 -1.301084
6785 127 6367 0.390225 2.533145 3.116873
7003 1299 64956 0.414334 0.780006 0.358621
7004 308 15424 0.247838 0.849592 0.576077
7004 308 15444 0.360276 0.888875 1.029153
7008 8 401 0.292367 1.737986 -2.737206
6881 162 8110 0.157525 1.999249 -2.997525
7008 284 14243 0.470253 0.687845 -0.465034
7055 505 25270 0.167032 1.021982 0.470639
7055 505 25290 0.322823 2.527354 1.142624
7054 1494 74749 0.176971 2.308022 1.840656
7004 668 33417 0.247898 2.357338 -1.100173
7004 668 33450 0.254199 2.676860 -0.383734
7023 1551 77552 0.673710 0.313005 -1.153971
7023 1551 77557 1.325346 0.190229 3.067686
7010 128 6424 0.196945 2.821472 -3.020679
6866 120 6048 1.525328 0.106874 -2.512268
7054 662 33133 0.315814 0.722837 0.971444
7012 1615 80751 0.135024 1.704610 -0.216009
7049 365 18286 0.494000 0.763268 1.950292
7049 365 18298 0.635956 1.289514 0.382227
7055 381 19081 0.395045 2.002742 -0.902513
7006 536 26819 0.438246 2.427963 2.123609
5976 1 98 0.405071 1.506099 1.239599
6882 35 1780 0.256044 1.402521 1.519652
7018 475 23784 0.324102 2.415087 -2.287416
5386 146 7330 0.583261 0.751372 1.816744
7020 223 11191 0.381984 1.844531 0.377732
7004 1379 68959 0.679270 0.145827 -1.559534
7012 1531 76576 0.309827 2.485045 -1.515562
7003 408 20448 0.557699 0.242685 3.112779
7048 71 3560 0.452658 1.305740 0.234851
7023 1392 69628 0.213257 2.723181 -1.363789
6592 133 6688 0.283063 2.198232 0.284414
6592 135 6781 0.341728 1.346854 -2.882426
6592 137 6900 0.297065 0.426122 1.637238
7003 1710 85529 0.170768 2.255733 -1.757593
7003 1710 85530 0.272214 0.559785 -2.591434
7003 1710 85544 0.535262 0.781188 1.306964
7023 1178 58904 0.169422 1.058267 -2.296373
7023 1178 58936 0.312725 1.999596 0.574233
6542 244 12207 0.158157 1.637864 1.235110
6468 81 4071 0.340150 0.637769 -1.553875
7049 582 29146 0.397511 0.843884 -0.330048
6350 59 2975 0.715268 2.783995 2.565040
6350 63 3195 0.307509 2.475447 -1.287867
6998 165 8282 0.398951 2.188075 0.111274
5782 106 5332 0.480904 0.527465 2.226669
5782 109 5458 0.353007 1.974826 0.219772
7010 1699 84984 0.356342 2.248792 -1.318993
5509 39 1955 0.649514 0.522885 -2.528168
5541 104 5238 1.429411 0.145718 1.601145
5582 33 1690 0.228254 2.698456 0.785543
5933 51 2579 0.824184 2.743793 1.842522
7025 577 28852 0.298002 0.353161 2.406659
7025 577 28861 0.752518 0.393660 -1.157936
7025 577 28892 0.198843 0.860842 0.520162
7022 115 5752 0.242447 0.866637 0.186620
7022 115 5755 0.147156 1.081134 1.101489
7004 1636 81829 0.255972 2.367363 2.981046
7022 157 7887 0.605168 0.401805 -2.421140
7023 1488 74407 0.162585 2.639049 1.616463
7051 50 2506 0.244515 2.057912 2.410094
7018 954 47750 0.648266 0.679330 1.594843
5451 23 1191 0.422497 1.217337 0.534435
7001 841 42051 0.346702 1.329947 -0.027249
5204 58 2930 0.272207 2.010423 1.736641
6468 146 7349 0.285475 0.640276 0.404479
7019 190 9540 0.211345 2.887500 0.609428
7003 1432 71630 0.258677 2.428282 -0.004151
7003 1432 71632 0.207323 1.301137 -2.280697
7012 109 5470 0.235270 2.405946 -2.236965
7012 109 5483 0.341805 1.160859 1.274275
6921 167 8388 0.286556 2.627561 -2.682074
6024 75 3776 0.283317 2.842563 2.896842
6024 82 4146 0.189915 2.269625 -1.192979
7023 306 15310 0.187542 2.617742 -1.604937
7049 180 9003 0.217819 1.253942 0.726999
7049 180 9005 0.251532 0.964726 0.870755
7014 246 12301 0.196690 1.902143 -3.135614
7014 246 12331 0.223574 2.631921 1.801754
7010 760 38005 0.244313 1.130617 0.401343
7010 760 38050 0.399989 2.158201 -0.902483
7012 1090 54525 0.296533 2.512501 0.459159
7010 809 40469 0.242113 2.468163 2.392066
5084 36 1831 0.880968 0.335441 1.882588
5084 40 2045 0.434345 0.988662 1.895172
7020 1405 70268 0.834783 0.472746 1.067045
7054 175 8774 0.303303 1.624594 -1.537998
7048 143 7166 0.119286 0.366825 -0.937671
6835 76 3828 0.360420 2.006913 -0.550439
7018 276 13817 1.951691 0.209459 2.737595
5525 52 2646 0.127300 2.034947 -2.991729
7026 555 27791 0.225788 2.428692 -2.233558
7008 905 45252 0.481481 2.697614 -0.236242
7008 905 45264 0.271754 1.187453 1.329770
7008 905 45292 0.146140 2.563444 -2.950804
7008 905 45300 0.451400 0.730396 1.071838
7007 109 5457 0.478054 0.797437 0.296605
6615 80 4038 0.414516 3.011248 3.136955
6615 83 4178 0.308861 3.009380 -2.533749
6125 39 1961 0.334140 1.693410 2.404520
6125 39 1997 0.212109 1.503118 0.711277
7021 226 11305 2.394690 0.141446 -0.121831
7021 226 11349 0.176694 2.496448 1.161233
7014 1011 50571 1.978312 0.024204 -1.235438
7023 648 32434 0.196723 1.389628 1.827935
6489 70 3544 0.375895 0.967317 0.286408
7018 535 26755 0.201382 2.589862 -2.435001
5916 32 1620 0.629891 0.667304 -1.311341
5916 34 1714 0.547889 1.050806 2.008296
7003 367 18388 0.185558 1.985411 -0.433746
7049 1102 55145 0.240703 0.830965 -1.638446
7054 1951 97564 0.363660 1.333717 1.393530
7020 1471 73561 0.183774 0.592617 -0.589668
7020 1471 73600 0.233372 0.756187 -2.262723
6922 229 11467 0.380933 2.812196 -2.676732
7003 841 42055 0.315017 1.381124 1.420450
7003 841 42061 0.270787 0.155192 1.482328
7003 841 42072 0.198693 1.587521 3.126011
7003 841 42091 0.432631 1.196815 1.760019
7008 1442 72111 0.301489 2.294347 -2.966422
7026 153 7692 0.348238 1.464425 0.598926
7019 538 26918 0.675103 1.323157 1.386732
7004 56 2815 0.219284 2.866922 -0.260111
7004 56 2818 1.027147 0.576322 2.031082
7021 482 24125 0.214002 1.210963 -1.525903
7001 860 43003 0.521261 2.800561 0.947192
7001 860 43011 0.228402 2.956860 0.802647
7014 333 16660 0.771317 3.096967 -2.873260
7014 333 16668 0.366826 1.032253 -2.173228
7006 355 17778 0.172977 2.617967 -1.581935
7006 355 17796 0.218024 2.068159 -0.308793
7014 892 44622 0.241948 1.607578 3.124471
7014 892 44627 0.492347 0.317577 0.119367
7022 282 14114 0.197920 2.062270 -0.072996
7022 282 14130 0.126170 2.980848 -1.795212
7022 282 14133 0.262267 1.477828 -0.495019
7003 753 37660 0.177894 2.444230 -2.540144
7003 753 37681 0.197571 2.277910 -3.024719
7021 63 3174 1.291821 0.326525 0.938104
6945 80 4020 0.299262 1.786325 1.691543
6945 88 4414 0.346643 2.612318 -0.720024
7004 1159 57962 0.474564 0.482355 -1.948487
7004 1159 57995 0.310371 1.785018 2.967549
7008 1444 72205 0.229265 2.607758 -2.020055
7008 1444 72222 0.234066 0.450930 -1.279938
7008 1444 72231 2.061958 2.151146 -0.739099
7054 1828 91413 0.249301 1.531823 2.036832
7054 1828 91437 0.528258 0.452008 -1.813314
7003 1229 61452 0.472999 0.964865 2.218835
7003 1229 61462 0.266111 1.069309 2.462739
7001 1120 56032 0.340892 2.511238 -2.364029
7054 220 11016 0.130485 2.378694 -0.621215
7055 568 28404 0.414819 2.845803 -2.578593
7055 568 28415 0.170073 2.753787 -3.067548
7049 235 11765 0.136466 1.009821 -1.927414
7049 235 11784 0.446789 1.237450 2.354841
7014 25 1277 0.133217 2.938945 -0.429871
7012 1281 64062 0.157280 2.227890 -0.043051
7012 448 22406 0.182959 1.512230 1.702336
7012 448 22408 0.177330 2.678476 2.246676
7012 448 22434 0.358881 2.683373 -1.631371
7012 448 22447 0.251160 2.324676 -3.114683
7055 789 39487 0.253238 0.933744 1.778264
7055 789 39492 0.157688 1.950205 -0.683874
7025 118 5946 0.200895 0.773003 0.881709
7017 863 43153 0.156319 2.101463 1.067976
7017 863 43172 0.739943 0.489303 1.846728
7004 1432 71637 0.203598 1.788296 -0.919159
7014 1394 69711 0.442613 0.423677 -3.012962
7014 1394 69740 0.227364 0.971016 -2.610792
7014 1394 69745 0.438585 1.677045 0.895928
7004 1705 85290 0.333916 0.155683 1.426721
7004 1705 85291 0.123016 2.026937 0.225838
7004 1705 85293 0.217510 1.291546 2.323811
7054 1879 93964 0.331185 0.678106 2.553872
7012 1344 67238 0.353201 1.482057 1.547617
6468 133 6699 0.423826 2.914089 2.653860
7054 887 44364 0.133492 2.819612 -2.422808
7412 3 173 0.162832 1.956599 2.021801
7016 315 15778 0.360502 0.972124 -1.446607
7012 58 2934 0.242599 2.708031 1.833585
7012 575 28762 0.179817 2.338347 -0.638963
7020 179 8979 0.684330 0.241321 2.736085
7008 315 15796 0.278930 2.921808 -1.431700
6329 12 626 0.321824 2.543462 -1.665370
6329 13 692 0.189380 0.889496 -2.811393
6928 35 1796 0.195023 1.108353 -2.201097
6928 37 1856 0.201645 0.578481 0.303395
6928 38 1936 0.177092 2.495981 -1.234430
7021 350 17503 0.483318 1.098404 -1.519402
7021 350 17530 0.412868 0.319066 1.048105
7021 641 32059 0.356381 0.060828 2.411688
7014 963 48174 0.292809 1.349199 1.047209
7014 963 48194 0.289931 0.406543 -1.005088
5021 31 1570 0.329844 0.835677 -0.680119
7010 1333 66686 0.392876 1.658295 0.897103
7010 1333 66687 0.120408 1.590176 -0.582199
6314 41 2060 0.776272 0.450145 3.088830
6314 70 3529 0.195185 2.880461 -1.734143
7008 735 36779 0.210705 2.591469 -0.825240
7003 1187 59371 0.809971 2.669990 -2.835009
7025 166 8305 0.428505 1.325988 0.820795
7049 1806 90317 0.277945 0.575869 -2.001061
7054 1988 99436 0.217642 0.853576 1.355863
7001 76 3808 0.506811 2.676146 -3.124096
7006 257 12852 0.211867 1.450051 1.218449
7006 257 12862 0.220638 0.650276 0.665664
6298 55 2763 0.265148 2.843997 2.750524
7008 871 43593 0.220679 2.263448 0.557576
6801 115 5759 0.349712 0.934412 0.700921
7016 394 19720 0.376238 0.918917 -2.315323
7016 394 19731 0.385760 0.865816 1.396484
7016 394 19734 0.229919 2.989361 0.651591
7003 285 14251 0.225417 1.469242 -2.964073
7003 285 14267 0.132101 2.024807 -2.547329
7003 285 14282 0.780983 0.462839 -0.058267
7023 67 3374 0.154885 1.941674 -3.135019
7003 263 13151 0.193015 2.798626 -0.431776
7019 490 24508 0.203967 2.399927 -1.477348
7008 115 5779 0.153349 0.272024 2.413491
7023 1061 53053 0.578149 0.212471 0.407457
7021 742 37128 0.325065 0.869831 0.570735
7021 742 37132 0.227218 2.307774 2.131078
7021 742 37134 0.359517 0.813764 -1.841620
7014 585 29298 0.182185 2.705604 2.970322
7356 1 80 0.354826 1.117363 -3.102183
7356 4 214 0.135422 2.133759 0.741737
6987 5 280 0.213739 0.425745 -1.935745
6866 88 4408 2.266609 0.183174 1.930235
7023 1714 85722 0.304096 1.084938 1.597844
7017 1709 85463 0.235170 1.230661 0.541791
7001 812 40623 0.268787 2.195653 2.613903
6457 23 1183 1.373581 0.371533 -0.324467
7018 68 3447 0.333722 2.441137 0.681298
7011 9 470 0.501792 0.197603 -0.366644
7011 9 479 0.330395 0.952705 -2.365521
7011 9 481 0.344152 1.082162 2.977026
7010 479 23972 0.384360 0.789766 -2.761262
7010 479 23983 0.534479 2.924275 -0.456558
7010 479 23987 0.554467 0.738823 1.204112
6989 83 4166 0.469473 2.536964 -1.715336
6989 88 4430 0.149916 1.492224 2.118589
7017 421 21097 0.170665 1.122523 1.152529
7018 452 22606 0.308749 2.586421 1.460930
7018 452 22628 0.435020 0.397695 0.367306
7004 408 20405 0.557524 0.738805 -1.108403
7004 408 20411 0.161665 0.594137 -2.519469
7055 5 259 0.342083 2.359391 -2.241374
7014 1262 63143 0.205278 1.648266 -2.270221
5971 92 4603 0.111729 2.932670 1.003810
7017 1283 64200 0.378326 1.573665 -1.575023
7001 680 34003 0.306122 1.394779 0.325875
7001 680 34016 0.475619 0.391339 -2.598930
7001 680 34037 0.154149 2.582044 -3.045091
7018 186 9322 0.422086 0.878125 -2.169424
7018 186 9341 0.420108 0.225031 2.729322
6866 71 3600 2.492656 0.153120 0.478726
6866 82 4139 0.138549 2.512142 -2.908147
6866 102 5106 0.276694 1.915015 -1.183258
7018 34 1702 0.534110 1.040498 0.171254
7018 34 1722 0.662760 0.497532 1.218567
5557 30 1538 0.174922 2.803591 0.086363
7023 1246 62312 0.320134 1.676462 -1.704808
7049 1386 69313 0.292757 2.136710 -2.637098
7049 1386 69316 0.273828 2.777243 0.627674
7049 1853 92695 0.214331 1.342078 1.919980
6680 129 6457 0.491867 2.634834 -1.546944
7014 503 25190 0.120503 1.758418 0.435621
7726 19 978 0.488606 0.119169 0.982473
7017 606 30319 0.447434 1.492224 2.646375
7020 1432 71613 0.369028 0.547876 0.478105
7049 217 10887 0.683336 0.113577 -0.157225
7020 1835 91755 0.243083 1.935511 -3.133590
7049 151 7555 0.136037 2.761828 -3.047090
7049 151 7558 0.164453 2.377465 2.575190
7049 151 7560 0.399337 0.301890 1.472823
7049 151 7565 0.246534 2.754142 2.074862
7049 151 7572 0.159552 2.443002 -1.478706
7049 646 32329 0.556875 0.431685 1.543984
7049 646 32334 0.253674 2.590475 1.202051
7049 646 32347 0.156543 2.362837 2.618897
7018 131 6557 0.202624 0.951677 -0.849994
7018 131 6599 0.321315 3.003328 0.387363
6369 11 557 0.271744 0.868616 0.405721
6369 14 726 0.276128 0.223533 -0.319117
7055 782 39127 0.378604 0.672809 2.357272
7022 30 1508 0.189090 1.545159 2.788233
7014 1541 77089 0.167486 2.975093 2.148782
7014 1541 77094 0.925238 0.373194 -1.717849
7001 707 35381 0.508712 2.670045 -0.774900
7001 707 35384 0.686045 0.604529 -2.303367
7017 1206 60326 0.243857 1.521429 0.629097
6488 20 1023 0.720519 0.207579 -2.444520
7054 904 45219 0.225941 2.666890 -2.299816
7014 1235 61788 0.452290 2.162159 2.032730
7006 514 25716 0.227957 2.349660 -0.884564
7006 514 25720 0.495474 1.047369 -0.502086
7768 40 2041 0.259063 1.157316 1.945851
7003 1533 76669 0.332773 2.639518 1.607172
7003 1533 76673 0.217192 1.581905 2.134427
7003 1533 76674 0.314837 1.994895 -2.216863
7003 1533 76688 0.253910 0.674465 2.933560
6366 57 2881 0.307356 1.650226 0.489157
7016 137 6899 0.373711 2.448428 2.410733
6773 50 2545 0.225440 0.291962 -0.944954
7026 776 38811 0.202535 2.949177 -1.081801
7026 776 38822 0.351340 1.273850 1.167122
6908 29 1476 0.241394 0.864820 -0.205883
7020 445 22292 0.484454 1.211197 -0.261660
7020 445 22300 0.682146 1.162662 1.318832
7012 1109 55495 0.148521 2.680869 -2.849364
7055 286 14309 0.190370 1.731892 -1.092817
7055 286 14350 0.303052 1.324841 2.137823
7020 1661 83088 0.255946 2.743450 -3.029622
7020 1661 83090 0.134939 0.574626 1.097023
6080 35 1766 0.679965 0.182148 1.088653
7054 1906 95343 0.346106 2.360787 -0.605909
7054 1906 95344 0.162140 2.655097 -0.534270
5055 66 3325 0.344218 2.140913 -0.525462
6619 74 3711 0.386992 0.561405 -0.303801
7025 102 5129 0.352851 2.932191 0.140999
6896 25 1282 0.331331 0.852623 1.238964
6896 26 1346 0.541584 0.431135 -2.781322
7018 947 47369 0.656307 0.825789 -0.604090
7018 947 47397 0.374421 2.619032 -0.613554
7017 1567 78395 0.179225 1.948014 -0.750487
7049 462 23150 0.237077 1.912780 2.585726
6752 6 309 0.311825 2.670742 0.117509
7018 842 42147 0.549045 1.779555 0.962836
7004 391 19559 0.402294 2.286592 -2.605700
7017 585 29264 0.440607 0.887292 -0.337143
7017 868 43439 0.296017 1.863404 1.226747
7055 246 12323 0.509598 2.825853 -2.669792
7055 683 34179 0.263409 0.809951 -0.388684
5208 55 2753 0.550479 0.906281 1.538402
5208 58 2937 0.217737 0.304128 -1.798850
7003 404 20226 0.594499 0.453134 0.675212
7003 404 20234 0.166221 1.038550 0.271404
7020 1733 86692 0.932355 0.054524 0.135017
5361 158 7923 0.845332 0.482653 0.236700
6908 87 4359 0.552641 2.697447 -2.858808
6908 87 4384 0.277503 1.676462 -3.102362
6908 91 4586 0.171908 2.614088 0.278348
7004 384 19238 0.581624 2.790518 -1.811191
7003 1655 82798 0.184594 2.352982 -2.691567
6614 12 614 0.325118 1.702748 -2.875637
6922 185 9278 0.143683 2.608654 2.993849
7001 1148 57413 0.218771 2.076479 2.247390
6343 13 659 0.169484 2.076648 -0.592101
6343 13 695 0.244290 0.651884 0.696831
7003 309 15473 0.426194 1.141737 2.705657
7054 1726 86305 0.576959 0.751096 -0.706872
7054 1726 86316 0.327228 1.254900 1.902771
7054 1726 86319 0.358246 0.467543 0.214797
7054 1726 86326 0.155840 1.196353 2.468505
7054 1726 86342 0.248897 2.331484 1.396956
7008 762 38123 0.185700 2.764184 2.960074
7008 762 38141 0.250156 0.546550 -2.779111
7004 454 22709 0.464429 1.143282 0.668870
7012 962 48110 0.392398 0.676056 0.544103
7008 325 16251 0.522830 0.478447 -1.765543
7020 1240 62027 0.322756 2.333874 2.322486
7017 1014 50733 0.296513 0.609701 -1.814353
7017 1014 50737 0.257878 0.721789 1.614424
7023 908 45424 0.315417 2.581985 2.609537
7023 908 45431 0.361966 0.777179 -1.982473
6780 235 11793 0.317008 2.647341 -0.735646
5561 98 4944 0.128811 1.671370 -0.396245
7026 91 4596 0.209957 1.553477 3.025493
7054 938 46927 0.579868 0.257184 2.311194
7012 301 15089 0.205006 1.309124 -2.143545
7026 215 10790 0.381424 2.015491 2.422638
7020 889 44470 0.341012 2.781497 -0.672398
7003 356 17833 0.327252 1.924947 3.065025
7010 1469 73453 1.140037 0.466941 -2.223765
7010 1469 73499 0.545095 0.714157 -0.957133
7049 520 26045 0.312938 1.549249 1.461196
7010 55 2768 0.286492 0.658497 2.745929
7055 752 37628 0.353762 1.331599 1.290647
7049 189 9478 0.541411 0.840884 -2.105092
7049 189 9479 0.407294 0.777528 -2.835891
5547 109 5497 0.566205 0.618988 1.640598
7010 457 22860 0.595094 1.009189 1.110025
7055 19 953 0.332616 1.869786 0.776941
7008 136 6841 0.510117 1.091768 1.415408
5339 16 823 0.292728 1.202863 1.082884
5339 19 999 0.275202 0.633833 -2.507027
5901 33 1686 0.299275 2.127491 1.738092
7001 214 10734 0.155855 0.257774 2.869784
5384 153 7655 0.227675 1.084381 -2.917955
7003 951 47560 0.189119 2.738092 -1.378331
7003 1725 86271 0.535556 0.328319 0.625121
7004 1111 55590 0.402717 2.342568 -0.974332
5341 133 6656 0.507262 1.025285 -0.667099
7010 721 36082 0.648417 2.511449 -1.217899
7010 721 36087 0.290824 2.356182 -1.247916
7004 879 43984 0.690702 0.496325 1.007970
7004 879 43993 0.469980 1.487999 -0.177600
5915 108 5438 0.302894 1.972906 2.693055
7025 502 25103 0.814107 2.954194 -0.916631
5005 83 4179 0.325498 0.382124 2.366495
5162 1 86 0.692681 0.312172 0.792438
5162 8 442 0.157902 2.587049 -3.081796
7014 1112 55619 0.166918 1.234089 1.196167
7011 178 8909 0.377910 0.743185 -0.811078
7011 178 8947 0.361186 0.789276 -0.315932
7004 853 42658 0.154693 2.226916 -0.591984
6769 234 11732 0.167787 2.313688 -1.057126
7130 14 708 0.326517 1.497519 2.007032
7010 1309 65464 0.274663 0.698079 -0.062143
7001 773 38674 0.253513 2.631650 -1.351681
6457 94 4701 0.339054 0.899652 -2.763952
7017 1204 60241 0.945103 0.114246 -2.714708
7020 1756 87838 0.299378 2.923836 -2.116879
7020 1756 87841 0.258717 2.413370 0.228012
6919 9 485 0.185955 2.157766 -1.138638
6919 165 8255 0.186662 2.115560 -1.907296
6919 180 9039 0.214242 2.147090 0.284138
6298 109 5481 0.270361 0.104351 2.698452
7023 79 3995 0.711124 0.847393 2.629554
7055 303 15161 0.365201 3.015343 -2.266002
6634 74 3743 0.159557 0.937801 2.695921
6634 77 3889 0.163604 2.540826 0.359507
7003 1382 69132 0.214067 1.989574 0.859411
7046 15 770 0.846216 0.125254 1.870606
7046 15 773 0.387762 1.417610 1.354788
7046 15 783 0.293335 2.182645 2.451395
6162 110 5515 0.141575 0.369751 2.431345
7001 400 20002 0.723503 0.392405 -0.024942
7049 1903 95181 0.488542 0.515026 0.356338
7010 444 22221 0.253084 0.921436 2.347748
7010 444 22230 0.351334 1.277931 1.213598
7010 444 22250 0.209201 2.765927 -1.720873
6191 36 1809 0.336703 1.664240 -1.972617
5333 58 2908 0.377438 1.988950 -0.112328
7054 1543 77158 0.275886 1.814975 -2.055170
7054 1543 77166 0.274211 1.535724 1.234324
7012 1405 70256 0.392721 0.808797 -2.258588
7012 1405 70259 1.167480 0.273373 0.965954
7012 1405 70289 0.697022 0.332343 -0.972870
7012 1750 87528 0.141660 1.548822 -2.453817
7004 1314 65734 0.200030 0.915513 -0.263084
7003 1738 86907 0.489876 1.975685 0.692011
7003 1738 86925 0.442873 1.673821 0.347939
7003 1738 86932 0.269358 1.370953 1.437179
7003 1738 86935 0.590331 1.050117 0.581023
7026 116 5818 0.367436 1.984939 1.052248
7004 935 46789 0.173946 0.910656 -2.336886
7539 12 650 0.609298 0.448988 -1.965407
7004 524 26203 0.859607 0.175960 -2.840317
7004 524 26238 0.299597 2.307022 -0.580701
6528 0 3 0.281308 1.880470 2.500155
6528 59 2955 0.121119 1.345788 -1.164219
7023 104 5213 0.438523 0.607066 0.198095
7023 104 5214 0.142666 0.948680 -3.070901
7023 104 5229 0.218684 1.923945 1.371569
7008 301 15061 0.376149 0.705985 2.988477
7010 673 33669 0.237167 2.196204 1.844435
7016 37 1878 0.284023 2.203717 2.726187
6690 113 5658 0.172929 2.327067 -2.014748
7054 1235 61774 0.383647 0.747200 -1.811867
7054 1235 61778 0.279118 2.722787 2.937484
6371 26 1321 0.187155 1.620801 -3.104371
6371 30 1529 0.196334 1.173526 -2.663238
6371 35 1778 0.207428 1.314336 2.964787
7054 793 39655 0.150229 0.523679 1.590051
7054 793 39661 3.366676 2.991623 3.019733
7054 793 39679 0.289342 2.824067 -2.738636
7023 765 38254 0.226629 1.123774 1.992370
7026 211 10578 0.193706 0.299534 -1.732660
6091 76 3845 0.284067 1.140389 -2.426824
6091 78 3934 0.829041 0.317622 -2.919533
7020 1198 59930 0.475125 1.117849 0.838506
6080 84 4201 0.545995 0.355135 1.001218
7049 1782 89110 0.298343 1.204113 0.404478
7049 1782 89140 0.167569 2.988884 -2.457585
7020 1865 93254 0.394279 1.065919 2.776980
7020 1865 93283 0.373117 1.395771 -1.707646
6893 71 3594 0.208195 2.774217 1.519667
6893 72 3645 0.228529 2.785676 -2.462364
7018 574 28724 0.281671 0.707931 -2.446656
7018 574 28746 0.180046 2.922448 1.434274
6493 81 4059 0.560070 0.084427 1.908980
7010 377 18863 0.502061 0.391866 -2.993707
7010 377 18879 0.223096 2.210029 1.426416
7004 53 2694 0.503589 0.570899 -0.064521
7004 53 2697 0.303997 2.134877 2.950155
6453 37 1875 0.193236 2.232886 -1.100487
7023 1645 82259 0.332313 0.661108 2.362248
6603 27 1374 0.153466 2.470669 -1.884343
6603 33 1686 0.199326 0.246591 -1.849173
7023 709 35462 0.211135 2.092362 -0.942686
7023 709 35475 0.257735 2.320642 -1.098472
7023 709 35481 0.330596 2.567492 -1.241320
7023 709 35483 0.337806 0.783572 -0.680130
7769 37 1888 0.278878 2.245134 -0.996149
7023 1236 61819 0.393148 2.104428 -0.856382
5364 215 10784 0.161962 2.450084 -2.401401
7014 1395 69765 0.197036 2.614090 0.170366
7023 490 24537 0.177072 1.146995 0.230037
7010 785 39280 0.403241 2.810002 1.247289
7010 785 39282 0.384235 1.093012 0.651482
5059 26 1308 0.184739 0.464807 -1.037932
7020 1856 92847 0.331592 1.980743 2.888077
7049 486 24310 0.292316 0.495774 1.959424
7049 486 24336 0.240807 1.226444 -2.358552
7012 1321 66094 0.180512 1.087816 2.232613
7020 959 47975 0.151105 2.322400 0.862198
7049 127 6374 0.334580 1.650531 -2.491633
7017 550 27516 0.311944 0.676534 0.985795
7017 550 27524 0.445277 0.911168 2.068543
7017 550 27533 0.334894 2.774583 2.532011
7023 505 25286 0.187361 2.026262 2.634407
7012 1690 84514 0.421013 0.984715 0.844304
7008 1450 72545 0.186415 0.271370 -0.571874
5090 10 513 1.682826 0.053463 -3.048649
7007 155 7776 0.348248 2.660605 2.381864
7014 792 39613 0.249507 0.316479 -0.906496
7014 792 39643 0.722055 0.482912 2.876716
7054 870 43507 0.145898 2.224926 0.169397
7054 870 43525 0.482739 1.418135 1.162521
7001 925 46255 0.639813 0.225287 -2.596077
7001 925 46297 0.235408 0.294424 1.348703
5339 87 4372 0.123145 0.451499 -2.467969
7010 1368 68425 0.325863 2.426808 0.334486
7049 1870 93513 0.178307 2.259159 -2.458340
7008 1063 53176 0.212572 2.875095 -1.732459
7008 1063 53180 0.279550 1.158520 2.082983
7014 513 25652 0.346452 2.141286 -2.354419
7001 235 11761 0.281343 2.668063 -1.804085
6869 2 123 0.176365 2.771357 -0.355419
7457 152 7608 0.144773 2.348144 -3.107840
5399 41 2070 0.187409 0.926535 0.693276
5399 43 2167 0.226263 2.230351 -2.564740
7054 1246 62318 0.292272 0.976700 1.157761
7054 1246 62320 0.263889 0.941069 1.287974
7018 447 22389 0.352928 2.527375 3.042729
7018 447 22396 0.362867 1.260671 1.445148
7011 194 9704 0.489556 0.589195 -0.782662
7011 194 9722 0.585459 1.142511 -0.884813
7011 194 9733 0.239423 2.819327 -0.287384
7023 1362 68130 0.518254 1.475069 1.985117
7003 1202 60102 0.227625 3.117167 -1.488871
7003 1202 60109 0.209047 2.247346 2.015835
7003 1202 60136 0.211554 1.246507 1.929434
7049 1857 92882 0.470361 0.301913 0.097115
7048 206 10305 0.317236 1.268225 1.979866
7048 206 10333 0.324758 2.256492 -0.890984
5574 41 2058 1.153569 3.063933 -2.970333
7046 119 5981 0.478698 0.373655 -0.647288
7020 719 35981 0.544187 0.647028 -1.938594
7049 1268 63432 2.150007 0.148186 1.070790
5782 49 2457 0.248801 1.227876 -1.663279
7025 212 10601 0.362949 0.509794 0.569812
7025 212 10617 0.463663 2.119887 2.551598
7025 212 10638 2.526063 0.055663 -1.408818
6549 131 6591 0.134497 2.491384 -0.277237
6549 132 6642 0.299573 2.481663 -1.964044
7054 1090 54521 0.170941 2.220384 0.016949
7054 1090 54549 0.182485 0.388502 0.406212
7012 681 34053 0.263606 2.639229 -1.145075
7012 681 34058 0.129165 0.840856 2.160079
7010 1334 66709 0.390226 0.387526 -2.858049
7025 123 6182 0.375582 0.653117 -2.429138
7025 123 6183 0.506728 0.351198 1.347350
7023 212 10610 0.258549 2.421363 2.210097
7023 212 10622 0.303555 0.804470 -3.105474
6340 34 1729 0.213018 2.589091 0.658946
7012 1270 63519 0.174323 1.672258 0.803999
7047 51 2569 0.943392 0.154085 -0.045003
7047 51 2593 0.335795 2.012711 0.847273
7012 1645 82251 0.240795 1.361256 2.826399
7012 1645 82270 0.561270 2.670483 -0.657117
7001 111 5556 0.175567 1.134573 -1.056912
7001 111 5576 0.128339 0.891647 2.888515
7012 41 2087 0.335401 2.382831 2.433417
6954 67 3368 0.386389 2.701635 2.554226
7055 96 4808 0.296115 1.232924 -0.258384
7055 96 4833 0.447965 1.978285 0.634988
7055 96 4841 0.264866 3.029429 0.987362
7055 96 4845 0.360676 0.425195 0.802993
7019 174 8722 0.210756 1.979610 2.156809
6350 96 4848 0.678606 1.247145 1.683373
6350 101 5098 0.190196 1.245754 -0.883301
7004 1079 53983 0.551862 0.814216 0.886149
6829 34 1732 0.956929 2.903893 -2.468142
6829 36 1815 0.183220 0.970139 2.085470
7006 544 27225 0.608799 0.993261 2.517925
7006 544 27250 0.168843 2.236071 -0.139884
7010 1686 84304 0.281002 2.066067 0.952881
7003 759 37969 0.896677 0.354555 -2.053098
6138 106 5333 0.583430 2.287802 1.706236
7008 48 2419 0.350079 2.642786 -1.890656
7048 95 4784 0.404478 2.860835 2.410124
7048 95 4798 0.293011 1.313451 2.977881
7054 943 47153 0.297066 1.483772 0.698331
7049 1581 79085 0.328278 0.702002 1.185696
6178 3 172 0.228328 1.010503 1.693194
6178 13 691 0.912552 2.697332 0.400386
7017 1720 86001 1.196959 0.080027 0.561371
7017 433 21651 0.199264 1.964860 0.499791
7017 433 21688 0.338568 1.214041 0.679855
7018 38 1916 0.376970 0.159799 2.120106
7059 50 2532 0.615819 0.392797 -0.551116
7059 50 2547 0.386726 1.125669 2.460979
6623 21 1097 0.166838 1.225101 1.401934
6211 156 7849 0.413020 0.694473 2.623230
6211 157 7872 0.363100 1.281806 1.881145
7020 859 42968 0.231132 1.031908 0.818561
7004 185 9261 0.225946 2.485153 -3.127410
7010 695 34783 0.259134 2.344189 1.801707
7054 1039 51962 0.622664 0.477379 -1.315051
7738 12 628 0.319074 2.115288 -0.027858
7025 41 2063 0.449062 0.525540 -0.562448
7054 795 39787 0.418807 2.631432 -2.821917
7054 795 39795 0.192321 2.638832 -1.494152
7054 795 39797 0.220943 2.159756 1.761773
6199 186 9309 0.297333 2.543956 -2.301127
6199 188 9430 0.941706 1.257910 1.622315
6773 121 6072 0.604724 0.258438 1.098631
6773 125 6279 0.419267 2.338613 -2.830342
7049 1995 99775 0.258550 0.227495 -1.642844
6190 87 4374 0.542832 1.463167 1.355859
6190 88 4429 0.380674 1.950887 1.689100
7440 49 2464 0.368769 0.944696 1.208640
7014 1324 66215 0.464549 0.278579 1.947967
6917 18 903 0.213887 1.749449 -2.946175
6917 21 1091 0.535422 0.458105 -3.086308
7004 1559 77972 0.141663 2.391340 2.850835
5600 12 633 0.161134 2.187364 1.583533
7017 1429 71464 0.484539 2.693436 -2.034452
7006 314 15732 0.119577 0.931240 -2.320366
7006 314 15733 0.201591 1.838732 -3.087769
7046 67 3359 0.194087 2.756678 -0.544646
7046 67 3377 0.230259 2.273696 -0.971617
7049 1458 72925 0.221903 2.798857 2.348674
7020 466 23313 0.181373 1.888812 0.955088
7017 518 25904 0.395038 2.727122 2.305441
7017 518 25927 0.170690 2.231942 -0.436830
5458 55 2770 0.455023 1.505786 1.184240
5458 60 3026 0.115437 1.539541 1.509081
7021 393 19662 0.290008 2.239607 2.545717
7021 393 19680 0.352951 2.206262 -2.407799
6917 69 3480 0.111019 0.633745 -2.838832
7003 417 20882 0.317758 1.477644 0.482088
7014 600 30021 0.225868 2.496602 -0.922105
7014 600 30041 0.318198 1.953528 0.410850
7017 1169 58452 0.277070 2.558457 2.531296
7026 55 2761 0.117113 1.070997 1.802580
7026 55 2776 0.243600 2.513413 0.355188
7026 55 2777 0.321508 0.895246 0.859146
7026 55 2778 0.307241 0.826683 -2.261724
5154 58 2915 0.389901 1.460719 1.455557
7021 698 34903 0.149009 2.328545 -0.693576
7021 698 34946 0.188033 1.728647 -0.417374
7004 1475 73753 0.216096 0.621898 1.817065
6327 55 2773 0.674492 3.020772 0.101136
6327 58 2933 0.238853 2.093339 -2.346078
6327 60 3013 0.690218 0.361959 2.745502
6070 33 1683 1.323641 0.046122 -0.950249
7008 1008 50427 0.219746 1.541831 -0.873044
7021 547 27353 0.342277 0.607951 1.012257
7021 547 27367 1.172719 0.225313 -2.791176
7021 547 27393 0.239100 2.115850 -2.895002
6656 1 69 0.343269 2.195096 1.530089
7004 1236 61803 0.353498 1.240546 2.288819
7004 1236 61822 0.307794 0.653191 -3.064025
7049 1662 83105 0.336029 1.922372 -2.710948
7049 1662 83124 0.390872 1.536549 1.704050
7013 221 11059 0.189874 2.472722 0.995249
7014 1294 64718 0.153279 1.483312 1.562847
4962 12 634 0.375752 0.866261 1.201017
4962 13 664 0.363108 1.096140 1.764926
7020 1295 64780 0.205325 0.707639 -1.936998
7020 1295 64782 0.341128 2.765433 1.319184
7020 1295 64792 0.702906 0.806827 0.767982
7017 61 3062 1.615105 0.125398 1.405959
6285 36 1805 0.340905 1.333591 1.037732
6857 4 206 0.320092 1.513851 -0.154486
6857 8 420 0.512709 0.377206 -1.941602
7004 1277 63873 0.189292 2.620193 0.597757
6855 122 6119 0.430116 2.021098 1.318920
7020 1813 90696 0.449896 1.094020 1.941958
6915 169 8482 0.155650 1.106376 2.049270
7001 237 11875 0.672038 2.711684 -1.843260
7001 237 11886 1.074555 2.635926 -2.715540
7003 1474 73736 0.251132 1.370174 1.865767
5914 122 6113 0.312635 2.170910 1.840471
5914 127 6382 0.349949 2.426392 -0.016862
7049 831 41591 0.255654 1.091393 1.294004
6370 63 3171 0.444914 1.614137 2.532917
7010 1364 68226 0.154580 2.624031 -3.021318
7010 1364 68239 0.371667 0.546259 0.329490
7014 539 26961 0.260047 2.420285 -3.121862
7023 738 36933 0.739077 0.265732 0.054847
7053 7 376 0.285245 0.831761 0.428851
7053 7 387 0.157887 0.902684 0.136838
7053 7 388 2.520178 0.177701 0.771023
7054 135 6751 0.170356 1.952365 -2.805911
7054 135 6775 0.146540 1.188816 0.600345
7023 1659 82976 0.631252 1.023138 1.597662
6548 146 7322 0.111981 2.521309 -1.391621
7018 173 8692 0.348775 0.553447 -0.630479
7017 706 35325 0.160333 0.783810 0.287861
7017 706 35335 0.273933 0.567360 -2.140709
6603 66 3342 0.376265 0.228778 -2.969409
7049 1502 75104 0.269541 0.472752 2.578571
7016 235 11752 0.543355 0.523816 2.083188
7016 235 11798 0.221392 2.992652 1.233209
5399 33 1694 0.438731 0.742166 -1.015149
7023 515 25760 0.707345 0.593825 -1.442737
7023 515 25775 0.171778 2.348848 -0.337141
6535 59 2951 0.350390 0.830387 2.008715
6535 60 3030 0.246346 0.451619 -2.137546
7055 623 31199 0.226722 2.355915 -1.272840
7006 412 20605 0.199943 1.021130 -0.618066
7006 412 20613 0.275655 0.826671 -0.397916
7006 412 20629 0.451925 1.829404 2.012832
7016 181 9076 0.387557 0.635104 1.782088
7004 1656 82810 0.203195 3.063241 -2.740016
7014 352 17607 0.203924 0.716100 -0.942702
7014 352 17646 0.247710 0.681624 -2.910809
7049 172 8608 0.429200 0.372426 -0.144963
7046 100 5018 0.274502 3.009268 -1.087765
7018 858 42903 0.414282 2.557073 1.268622
7026 706 35339 0.360371 0.689818 -2.232734
7003 1501 75067 0.138252 0.457465 -0.961943
7012 537 26854 0.281377 2.367505 2.575377
7012 537 26870 0.315343 2.048474 0.946277
7012 537 26886 0.256888 0.847834 -1.880700
7012 537 26889 0.326021 2.420565 -0.919485
7023 1790 89535 0.340460 2.844106 1.061077
7054 1817 90857 0.452818 2.514042 0.212173
7003 1246 62320 0.203074 1.931324 3.109898
7003 1246 62322 0.243225 0.928512 1.167719
7054 864 43223 0.219216 0.542976 0.284978
7023 466 23322 0.135369 2.131641 0.418845
7023 466 23339 0.148134 2.334222 -2.466630
6494 7 379 0.220650 2.148297 -1.915813
7014 1697 84853 0.358820 1.381741 2.596893
6520 4 224 0.206302 2.318547 0.287803
7022 169 8463 0.494639 1.133534 1.507482
7001 15 766 0.259316 0.414790 -0.882797
7001 15 780 0.340104 1.570796 1.547692
7010 1092 54620 0.888906 0.481112 -1.232821
7010 1092 54625 0.338857 1.923261 0.823926
7010 1092 54630 0.253407 0.885276 -1.751156
7019 550 27505 0.127926 2.062757 -1.992111
7049 859 42973 0.357578 2.749772 0.967494
7049 859 42975 0.457948 1.597105 0.857998
7023 1703 85152 0.157283 2.252170 -1.705277
6990 4 218 0.373105 2.959059 -3.001743
7025 546 27301 0.262397 1.416807 2.467760
7025 546 27320 0.498829 0.890180 1.767513
7025 546 27331 0.151458 2.041272 -1.741276
7014 1634 81711 0.553663 0.827596 2.506886
7014 1634 81721 0.214857 0.793997 -2.758837
7004 1399 69994 0.347975 1.215911 -1.351035
7004 1399 69996 0.271515 1.986470 3.013624
7003 29 1460 0.245333 1.000113 1.389351
7003 29 1476 0.171553 1.979015 -1.836706
7004 32 1605 0.248897 1.055904 -2.294279
7004 32 1613 0.443909 0.399600 -0.874150
7012 38 1913 0.310534 0.727719 2.796489
7012 38 1943 0.466656 0.595234 -2.761056
6874 128 6417 0.213015 2.446964 -3.123183
7054 1333 66677 0.359232 1.145295 3.097228
7054 1333 66679 0.266509 2.956583 -0.320046
6919 84 4212 0.204827 1.861778 -1.778069
6919 88 4408 0.233273 0.627473 1.327795
5586 184 9224 0.180552 1.351702 0.626786
5586 186 9322 0.394479 2.379558 -2.215114
7008 1158 57909 0.255746 0.855083 -0.048635
6999 40 2016 0.129698 1.125021 -3.101501
6999 40 2039 0.667697 1.063033 2.588866
6999 40 2048 0.280473 1.150982 0.504159
6800 65 3289 0.179352 1.933169 -1.604680
7018 864 43238 0.650782 1.137943 2.386436
7055 431 21582 0.281248 1.119541 -0.663436
6321 90 4522 1.153299 0.307340 -2.689573
7008 1228 61438 1.234665 0.273689 2.808693
7008 1228 61446 0.341777 2.977206 -0.297262
7014 1092 54603 0.355467 0.697979 2.804982
7017 291 14554 0.209825 1.886047 2.261395
7017 291 14572 0.462069 0.510583 3.032168
7017 291 14581 0.244301 1.247831 -2.560752
7017 291 14593 0.395719 2.005766 0.079546
7051 65 3257 0.145608 2.575194 1.569431
7020 614 30712 0.260836 0.847507 1.968720
7003 1675 83770 0.198900 0.733765 0.947008
6936 54 2716 0.148615 0.984712 2.416894
6936 55 2790 0.163511 2.604356 -1.797363
7010 1459 72960 0.162888 2.665732 -0.986563
7054 529 26464 0.356302 1.845603 -0.716333
7016 277 13882 0.195214 2.703918 -1.874904
7016 277 13899 0.113530 0.705436 -0.053405
7010 1236 61836 1.486438 0.262157 -2.123921
6763 74 3722 0.251344 2.867502 -1.987344
6763 75 3758 0.360135 0.712201 -2.158190
6763 78 3949 0.574612 1.902241 1.628317
7020 1315 65778 0.214525 2.675973 2.372590
7020 1315 65792 0.120303 2.080024 -2.662702
4957 26 1346 0.539829 0.824787 1.896274
7012 1647 82364 0.266810 2.249102 2.602729
6859 150 7518 0.159397 0.845381 -0.138133
7020 1085 54271 0.321889 0.228272 1.384013
7020 1085 54282 0.252235 0.984388 1.607773
7020 1085 54294 0.489078 0.279215 2.700107
7020 1085 54299 0.462339 2.742789 -1.472993
7055 774 38713 1.807289 0.154379 2.331422
7055 774 38720 0.280264 1.028983 -1.914823
7055 774 38736 0.355248 0.775561 -0.061865
7047 59 2970 0.330153 1.816482 -0.034060
6356 135 6761 0.259742 0.646450 -3.059314
6356 140 7020 0.527380 0.915969 1.617841
7019 446 22301 0.385245 1.878597 -2.824089
7008 980 49029 0.180575 1.041673 -0.799739
6073 83 4172 0.134659 1.424770 2.898570
6497 92 4622 0.118863 1.963766 0.124785
6497 93 4656 0.402404 2.760942 0.696071
7023 295 14783 0.182235 1.630922 2.247905
7049 47 2379 0.484648 0.303256 2.061948
7049 557 27891 0.245425 1.750931 -1.895724
7018 969 48469 0.355636 0.756350 2.496706
7026 667 33379 0.135173 2.180143 -2.822719
7026 667 33384 0.161797 2.033425 -2.898506
7049 484 24208 1.297120 0.050100 0.447381
7049 484 24245 0.288589 2.880569 1.941498
7001 1046 52342 0.496246 0.196685 2.965289
7049 1046 52330 0.251263 2.629430 1.828366
7049 1046 52339 0.173964 2.482009 2.394112
7049 1046 52349 0.417030 0.396803 -2.176686
7018 757 37873 0.523703 0.783055 2.353105
7018 757 37881 0.483042 0.454160 -2.683342
7010 242 12142 0.196454 1.528242 3.021713
7023 18 917 1.296214 0.197850 -0.634061
7025 159 7967 0.143719 2.180434 2.843390
7004 1667 83377 0.179503 1.230662 -2.868880
7012 1542 77128 0.254325 2.661039 -2.863691
7023 948 47403 0.157422 2.499835 3.089618
7023 948 47430 0.285935 2.839948 2.597745
7023 948 47439 0.111689 0.420847 0.233487
7006 109 5473 0.574553 0.991581 -0.498641
7026 537 26881 0.503715 2.719371 2.092686
5387 67 3400 0.241319 2.789130 0.787867
5387 69 3493 0.437599 1.446515 2.056215
7006 262 13122 0.230858 2.512389 -2.894377
7055 283 14160 0.522358 0.397423 -0.272553
7055 283 14198 0.329727 2.309889 0.487968
7008 982 49134 0.271884 2.278005 0.484569
7013 222 11132 0.328757 2.435958 -0.563418
6007 59 2992 0.251545 2.025616 0.203487
6571 94 4712 0.280299 0.381219 -1.019292
7055 1 92 0.215852 1.312817 -1.614540
7055 1 95 0.295648 0.785761 2.402148
7019 105 5257 0.402987 0.795447 0.982714
7019 105 5261 0.198194 0.739745 0.455337
7019 105 5282 0.365523 1.078216 2.717193
7019 105 5284 0.359891 1.097300 1.235586
7012 1318 65902 0.403006 2.220730 1.132392
5517 18 918 0.274746 2.755121 2.503399
7006 361 18065 0.332726 2.761835 2.699644
6822 10 514 0.326499 2.618002 1.573520
6822 11 567 0.276473 2.585222 2.935088
6822 12 649 0.206538 1.250852 2.468886
6822 15 768 0.434860 1.158782 1.051701
6822 18 903 0.473179 0.262144 1.565438
5049 51 2561 0.158282 1.629637 2.636471
7017 883 44170 0.258139 0.891452 0.733687
5918 23 1189 0.186817 2.298507 -1.521855
6959 1 97 0.185877 0.691740 -2.368653
6506 19 985 0.492536 1.152979 0.455213
6506 27 1366 0.259967 0.307671 2.682038
6506 31 1559 0.151142 1.967267 -0.899814
6506 31 1568 0.234689 2.586490 2.432057
7004 1197 59870 0.565346 0.809015 2.417580
7023 173 8661 0.439778 0.708509 2.495174
7010 1422 71110 0.372341 0.808809 1.458947
7010 1422 71123 0.223770 2.688660 2.887966
7010 1422 71126 0.147988 2.562487 -2.128768
7010 1422 71150 0.179451 2.497087 -3.103004
7003 585 29277 0.355095 1.130637 2.440380
7022 195 9783 0.134458 2.112885 -0.210035
7014 1195 59785 0.481027 0.938052 2.319127
7014 1195 59786 0.235473 2.035589 0.242081
7012 1692 84613 0.246572 1.548577 -0.132001
7012 1692 84625 0.261532 0.562878 1.950942
7012 1023 51177 0.270652 2.468036 1.545794
7012 1023 51196 0.602499 0.334328 2.820423
7049 506 25323 0.336034 2.731523 0.618552
7058 11 575 0.462568 0.607226 1.733653
7049 412 20618 1.303285 0.284482 0.183070
7049 412 20623 0.502017 0.557988 -0.402492
7049 412 20646 0.303910 0.813222 1.425025
7004 1545 77268 0.134638 2.468857 1.136195
5151 5 299 0.480397 0.885771 2.644383
6874 60 3042 0.798416 0.419135 -1.934449
6874 61 3071 0.250458 1.542854 0.264532
7004 769 38463 0.198867 0.492824 -1.779856
7012 1112 55634 0.483613 2.809545 0.407851
7004 597 29875 2.261875 0.127735 2.926425
6281 25 1270 0.114569 1.816676 -1.460408
6870 12 609 0.170857 1.941043 -0.110017
7054 1354 67712 0.129214 2.477462 -2.367205
7001 1049 52486 0.479636 2.597636 0.687399
7001 1049 52496 0.257241 1.867230 -1.970287
7047 50 2524 0.442760 1.933935 2.890547
7004 410 20527 0.312061 0.759884 -2.436085
7055 47 2397 0.784677 2.830784 2.322231
7013 162 8117 0.268770 0.998645 1.020900
7013 162 8133 0.334582 0.321065 0.104777
7013 162 8143 0.468908 1.789891 1.069104
6811 182 9114 0.321815 2.411787 -2.536885
7054 474 23712 0.362338 0.181665 1.106592
7054 474 23715 0.213720 1.356138 1.924335
7023 211 10556 0.225027 0.597059 -0.727214
7018 911 45552 0.141658 1.617139 0.893121
7018 911 45557 0.263004 2.779446 -2.512469
7012 1456 72809 0.140541 2.236072 -0.008549
7012 1456 72836 0.210043 3.086676 -1.559676
7054 48 2424 0.300995 0.987582 1.441594
7054 48 2431 1.144388 0.309149 0.877191
7018 56 2804 0.169811 0.690592 1.346333
7018 56 2818 0.360765 1.120223 -3.029398
7018 56 2819 0.418009 0.441703 -0.629951
7018 56 2845 0.371181 2.549675 -0.818281
7046 27 1394 0.182522 2.928632 -1.864239
7001 934 46720 0.451525 2.538065 2.144422
7003 82 4144 0.214333 2.293527 -0.552833
7023 1192 59636 1.863955 0.245853 0.328982
5411 137 6882 0.410050 0.986111 0.869538
7055 613 30695 0.258337 1.016473 0.702623
7022 196 9802 0.730246 0.914238 -2.715795
7022 196 9833 0.551170 0.986992 -2.573160
7026 705 35266 0.156573 1.506341 -2.925194
7026 322 16139 0.380768 1.356325 2.176401
7049 1367 68373 0.242954 1.188302 1.852813
7023 1002 50110 0.250065 2.141023 -2.860635
7023 1002 50122 0.911761 0.275006 2.337221
7023 1002 50145 0.312135 0.974190 -2.978545
7049 937 46869 0.236229 1.411927 2.483985
7049 1314 65706 0.343735 2.334655 -0.690188
7049 1314 65750 0.215870 0.963302 2.974958
5607 92 4641 0.223224 1.745512 2.677283
7003 118 5931 0.125783 1.836422 -3.137438
7003 118 5936 0.126753 2.734612 -2.390150
7021 384 19202 0.262326 2.734195 1.383739
7023 1168 58442 0.276636 1.392423 1.307847
7023 1168 58447 0.211202 2.608605 -2.095300
5362 25 1295 0.157892 0.461637 -1.047765
6533 23 1190 0.170929 1.735836 -2.654238
6533 27 1355 0.154159 0.307240 -1.630417
6533 29 1457 0.150126 2.592482 -1.018113
6533 29 1468 0.155290 2.939269 -2.241822
7010 453 22672 0.299202 2.333905 -0.822269
7010 453 22689 0.882107 2.888799 -0.622976
7010 1718 85944 0.415326 0.957707 -2.810836
5019 14 732 0.233866 1.758172 0.524403
7014 1213 60680 0.112574 0.528094 -3.052894
6052 93 4657 0.425542 2.057495 1.124760
6052 117 5890 0.897444 0.399140 -0.685227
7014 1221 61059 0.513800 0.151773 -0.419085
7014 1221 61060 0.417821 0.846022 -0.010698
7049 889 44488 0.332635 2.600440 -2.296873
7049 889 44498 0.113355 0.630874 2.682050
7006 37 1865 0.474063 2.934422 -1.204507
7006 37 1879 0.230575 2.468542 -1.769190
7362 4 248 0.275752 0.709512 2.907789
7010 1133 56691 0.987114 0.132833 3.096703
7012 1247 62371 0.386042 0.062572 1.922298
6218 49 2452 0.232812 2.460874 0.996145
6915 184 9217 0.144794 1.852522 2.983696
7018 577 28858 0.237936 0.792141 -1.087952
7018 577 28879 0.197277 2.518695 -2.936981
6813 38 1925 0.259234 1.725341 -1.170490
7004 626 31328 0.625684 0.368376 -2.194592
5930 0 8 0.243109 0.869282 1.309966
7010 1251 62594 0.162560 2.480273 -0.062134
6915 81 4068 0.261808 1.493755 2.061302
6915 114 5733 0.256893 1.178161 0.862654
7007 92 4625 0.367777 0.962826 2.913518
7004 1081 54058 0.385834 2.735747 0.523125
7004 1081 54076 0.632780 0.650968 0.024035
7004 1081 54080 0.118946 1.494611 1.730242
7004 1081 54086 0.228940 2.690947 -1.408441
7004 290 14539 0.348547 0.244832 -0.322417
6776 6 325 0.276722 1.065247 -2.657118
6776 9 463 0.348312 1.149568 -0.955641
6580 10 514 0.336817 1.411060 1.598110
7021 395 19789 0.192200 2.519060 -0.144123
7442 204 10243 0.227577 2.051913 1.469512
7049 630 31530 0.273578 2.793202 2.542333
6979 3 188 0.597718 1.371342 -0.232166
7049 713 35689 0.454658 0.669673 2.207639
7054 1419 70952 0.225768 1.139988 1.869079
7054 1419 70968 0.285958 2.478094 -2.674590
7054 1479 73979 1.694485 0.069047 -1.226771
5092 4 221 0.515114 0.666058 0.639634
7010 835 41795 0.809570 0.355848 2.714837
7017 1275 63782 0.281535 1.350515 -1.262625
7017 1275 63787 0.402238 0.493589 -0.464144
6921 131 6590 0.165399 2.034096 0.787723
7018 439 21959 0.211910 1.891386 0.592013
7023 874 43727 0.535450 2.189046 3.136893
7023 874 43745 0.339203 2.146540 -0.770132
7054 845 42278 0.307235 2.151765 -1.952760
6675 10 501 0.185885 2.780406 0.448604
5982 39 1997 0.234407 2.568744 -2.512781
5982 40 2020 0.238596 2.345955 -0.654648
5982 41 2064 0.388384 0.590069 -0.059801
5982 41 2065 0.255350 2.753508 -0.869925
6327 49 2481 0.242152 1.557918 0.958307
6327 51 2585 0.129532 2.638842 0.207205
7025 371 18556 0.403341 0.524508 -2.727526
7025 371 18562 0.223455 0.794669 0.810098
7049 1219 60979 0.146931 1.402384 1.879801
6616 11 553 0.427869 0.446574 2.061431
7026 519 25959 0.185110 2.356272 -2.393543
7026 519 25972 0.474438 0.489632 -1.782054
6972 55 2753 0.471963 2.800502 -1.248065
6972 55 2780 0.665469 0.632310 2.821144
7008 511 25575 0.644246 2.229047 -0.875985
7018 794 39720 0.239750 0.415621 0.500332
7018 794 39722 0.851473 0.100814 0.895588
7054 318 15940 0.260261 2.799457 -1.743201
7054 318 15942 0.395083 1.153143 -2.897225
7049 1415 70781 0.171769 0.788217 1.179757
7049 1415 70788 0.539031 0.826728 2.722156
5419 123 6160 0.144798 1.304345 2.404466
5419 124 6217 0.304580 2.343369 -2.882288
7055 718 35917 0.188279 2.638375 -1.150384
6489 92 4609 0.226531 2.155222 1.036584
7046 83 4182 0.299603 2.178876 -0.605191
7004 707 35367 0.312688 0.717260 -1.336318
7004 707 35395 0.191953 2.675545 0.445226
4992 59 2971 0.504902 0.260955 -1.592977
7017 1742 87139 0.225099 1.072318 -2.128634
5171 45 2263 1.565094 0.121440 0.765758
5171 51 2568 1.076203 0.443151 1.663916
5062 10 542 0.120346 2.221993 2.763103
7008 1007 50356 0.160431 2.377791 -0.669340
7004 1718 85903 0.122968 0.439616 -1.788372
7165 37 1878 0.755860 0.531795 -1.581825
5577 35 1783 0.480001 1.294784 -1.480117
6582 54 2739 0.336020 1.034093 2.729136
6582 59 2952 0.304975 1.704865 2.985543
7025 515 25767 0.251377 2.462953 -2.588928
7025 515 25778 0.232779 1.634973 -0.624445
7021 246 12329 0.237018 2.381094 0.595290
6922 9 483 1.009386 0.524953 1.066323
7008 1097 54858 0.373255 0.945426 -0.518328
7008 1097 54869 0.460355 1.151991 -1.496605
5458 195 9775 0.421582 3.035701 1.145327
7054 344 17248 0.737003 0.459593 -1.899740
7018 505 25268 0.194155 2.691952 2.916525
7012 399 19997 2.160122 0.205452 -1.395860
7055 719 35962 0.417849 1.267459 0.528089
7055 719 35996 0.128652 2.627803 1.619263
7019 312 15644 0.270333 0.763563 -2.614991
7049 32 1633 0.651113 2.959083 -1.407009
7049 32 1648 0.361646 0.795909 1.630269
7017 745 37267 0.147784 2.672265 -2.921396
7055 415 20790 0.261870 1.276528 -2.405223
5084 97 4866 0.374271 2.128124 -2.560051
7012 1610 80543 0.143203 0.553948 1.549881
6336 71 3570 0.747216 2.146369 -0.286085
7004 116 5804 0.224759 2.019300 0.372327
7022 200 10019 0.368302 1.228669 2.791300
7054 1890 94537 0.274924 2.695990 1.851239
6916 18 941 0.216860 2.619565 -2.356604
6916 22 1112 0.865600 3.059090 2.856680
6916 22 1132 1.155161 0.465419 -1.103918
6916 23 1185 0.225872 0.921109 -3.120800
7012 1607 80364 0.234165 1.870875 -2.204209
5460 12 603 0.334165 0.742379 0.574390
5460 14 731 0.294482 0.502273 -0.288872
7003 770 38542 0.284312 1.422426 1.808860
7764 160 8004 0.300537 2.756604 -1.688703
7001 64 3224 0.667735 0.222475 -1.311757
7054 122 6145 0.156109 2.774814 -0.094944
7020 1421 71065 0.377330 2.771171 0.035540
6630 116 5838 0.630417 0.978063 1.569665
6667 44 2240 0.291764 2.665445 -2.459574
6667 45 2282 0.254905 1.581707 1.487933
6667 46 2323 0.194057 1.168891 2.875127
7084 53 2659 0.362457 0.845624 0.941612
7023 385 19251 0.525391 1.161379 0.627452
7023 385 19278 0.331662 0.396261 -1.708391
7023 385 19291 0.573998 0.668605 2.321769
7020 1082 54115 0.175106 1.507827 -3.046381
7008 1168 58415 0.830813 0.474068 0.654846
6780 122 6119 0.335535 2.821261 2.701147
6780 122 6130 0.213885 1.946350 0.236275
6461 69 3469 1.853929 0.082698 1.708853
7051 89 4459 0.783653 0.324872 3.011338
7051 89 4461 0.516160 0.381651 -1.594601
6170 39 1962 0.228939 2.725279 0.636030
6769 186 9326 0.401859 0.842963 1.858414
6769 189 9462 0.254496 2.417986 1.797404
6769 201 10100 0.269959 0.528840 1.344993
6829 13 687 0.351285 0.657819 -1.122491
7049 918 45910 0.307683 0.622157 1.551456
5933 58 2905 0.186250 2.411187 0.056015
4991 11 572 0.164881 1.322150 2.069010
4991 22 1138 0.243923 2.263775 -3.044508
7014 81 4063 0.280975 0.449026 -1.282608
7014 81 4079 0.237945 1.717672 -2.722678
7014 81 4099 0.264888 2.812876 2.029910
5894 91 4591 0.311815 1.268739 1.239868
6811 130 6541 0.313645 1.493303 1.782174
7049 1246 62346 0.203491 2.259676 -0.235865
6972 119 5962 0.206689 0.647051 -1.988488
6972 120 6004 0.364922 0.844477 -2.225318
7054 1267 63383 0.539781 0.436037 2.857541
7054 1267 63396 0.414977 0.381157 3.018719
7001 898 44922 0.215954 2.291543 -0.314355
7026 653 32673 0.161116 2.261571 -2.474189
7026 653 32674 0.172850 2.469234 2.506082
7026 653 32699 0.390098 0.992240 -0.506455
7022 251 12552 0.453974 1.212468 1.812515
7022 251 12553 0.261910 0.586322 0.805836
7022 251 12579 0.115503 2.963769 -0.194363
7022 251 12592 0.323682 0.866574 2.651241
7054 1080 54040 0.327363 0.414033 0.776346
7054 1236 61833 0.727458 0.426050 -0.147531
7023 1400 70013 0.318174 1.207123 2.096846
7017 472 23607 0.232711 0.554956 2.058785
7017 472 23617 0.294247 2.947788 2.659328
7049 1520 76034 0.484572 1.466267 1.712289
7049 1566 78314 0.133774 1.774816 -1.287008
7049 1566 78339 0.127850 2.131923 0.124415
6752 119 5992 0.239863 2.632169 -2.149300
7010 1152 57611 0.627735 0.416459 1.967119
7010 1152 57647 0.676809 0.547846 1.547826
7008 153 7656 0.229979 2.702763 1.743644
7008 153 7679 0.322803 1.920079 -2.810828
6358 40 2042 0.312237 0.690633 1.261887
7021 632 31641 0.456703 0.819874 1.541676
5921 43 2162 0.123942 2.288011 2.760997
5921 48 2407 0.255281 1.304160 1.166631
7020 319 15994 0.270026 0.130733 -1.081274
7054 1485 74261 0.257878 2.255289 2.147525
7053 24 1232 0.584655 0.420878 -2.980413
7053 24 1233 0.385048 0.951462 -2.874764
7004 1424 71240 0.221747 2.593086 -0.255129
7014 1495 74781 1.103101 0.307721 0.566043
7014 1495 74782 0.487621 2.427106 -1.814928
7014 1495 74788 0.140056 0.907048 -0.025112
7017 304 15201 0.302646 2.034572 -0.268637
7017 304 15212 0.210814 0.706620 1.086495
6693 12 610 0.134658 1.168690 -1.349450
6693 12 633 0.577964 0.505445 2.122102
7004 1145 57264 0.464345 2.199713 2.757331
7004 898 44921 0.273560 2.425239 -2.591736
7004 898 44926 0.634212 0.582059 -2.237934
6882 12 609 0.159296 0.398413 1.868095
7049 1587 79381 0.763650 0.505978 0.053137
7049 1587 79386 0.185669 1.103814 1.723302
6162 185 9278 0.490201 1.311112 1.079441
7049 1699 84974 0.346854 0.814338 -0.966822
6503 104 5250 0.259633 0.889378 -0.850334
6503 107 5363 0.212451 2.500026 3.068541
7017 1596 79802 0.554276 1.061123 1.035262
7017 1596 79834 0.451160 2.918716 -0.931258
7023 190 9523 0.171987 0.704650 1.735083
6402 15 793 0.556864 0.073984 -1.508310
5092 83 4198 0.342661 3.034199 2.102744
5092 84 4240 0.160203 1.518129 1.739740
7054 1373 68656 0.439219 2.431241 2.875621
7054 1373 68673 0.668765 1.206670 0.764345
7014 1135 56764 0.267307 2.347793 -1.831388
7014 1135 56786 0.532325 0.182201 0.700766
7014 1135 56795 0.280675 2.111102 -1.632863
6778 49 2484 0.247448 1.091000 0.724686
6564 118 5945 0.508869 0.460790 0.608275
7023 982 49116 0.144810 1.570796 1.660838
7023 982 49117 0.458142 2.502434 -1.641093
7001 1133 56652 0.199149 2.978825 -2.967111
7001 1133 56673 0.246134 1.122994 -2.609626
6806 4 214 0.590318 0.797636 1.342572
7054 1430 71504 0.194909 1.465315 0.401563
7054 1430 71524 0.450336 0.896437 -0.958819
7019 229 11480 0.211637 1.116509 1.071498
7417 37 1896 0.369042 0.857060 2.237036
7049 1898 94933 0.293333 2.608665 2.185982
6103 47 2384 0.785735 0.047566 -2.531826
6103 69 3464 0.119219 1.763329 -0.879662
6769 173 8659 0.770536 0.050078 -0.679692
7049 361 18063 0.396633 1.337297 0.982469
7010 345 17252 0.369121 0.660594 2.591157
7010 345 17263 0.444888 0.417961 0.807051
7010 345 17295 0.627460 0.241859 -3.090061
7020 1013 50656 0.262028 1.216965 1.085849
7003 634 31720 0.211544 0.503236 1.545086
7048 60 3001 0.519565 0.669274 2.898034
7048 60 3006 0.299055 0.540205 -0.276810
7048 60 3031 0.954027 0.122600 1.901247
7017 527 26361 0.128427 1.580867 -0.796976
7017 527 26378 0.493573 1.949464 -0.141008
6025 81 4069 0.267037 2.849618 -1.031950
7004 1119 55961 0.532201 2.861467 1.393144
7016 144 7241 0.552133 0.883646 1.162137
7010 889 44453 0.690008 0.390064 -2.984212
7010 889 44458 0.849376 0.547073 -1.276250
7010 889 44479 0.515212 1.081211 1.413975
6592 105 5293 0.500436 1.107633 1.340999
6592 106 5309 0.689936 0.195993 2.637496
6592 111 5588 0.156702 1.843001 -2.564089
7023 164 8223 0.399594 0.643883 1.086566
7014 98 4906 0.313956 0.887466 -0.371065
6379 203 10176 0.187606 0.985583 -2.999498
7017 896 44812 0.548812 0.750410 1.064340
7017 896 44833 0.388055 0.724217 2.326217
7023 1266 63327 0.487676 0.675445 -2.426987
7023 1266 63348 0.193176 2.211687 3.000367
7020 1480 74025 0.157872 1.991645 0.486417
7020 1480 74034 0.222923 1.008946 -1.534582
6195 70 3539 0.333343 0.936169 -2.407362
6590 59 2985 0.163399 2.289142 -1.119040
6590 62 3142 0.808399 2.832956 -1.013963
7004 1252 62637 0.962259 0.189249 1.320644
7006 469 23466 0.271954 1.050572 -0.507047
7006 469 23490 1.702252 0.228856 -1.133231
6859 26 1341 0.285884 2.459605 -2.911829
6827 40 2014 0.345907 0.415016 0.794403
6827 40 2036 0.735615 0.234201 2.060901
7012 1118 55950 0.602176 2.003885 0.562037
6114 64 3207 0.241244 1.466235 1.027971
7020 1178 58901 0.300535 0.224514 -2.165129
7020 1178 58935 0.473663 0.386439 0.098805
7016 114 5713 0.434923 2.307462 -1.214373
7006 506 25349 0.277186 1.801976 0.847829
5606 93 4667 0.290504 1.268677 -0.464169
6790 71 3573 0.135350 2.414492 0.759977
6790 73 3663 0.285399 1.237060 1.339625
7006 362 18101 0.365164 0.882406 0.538277
7006 362 18150 0.612346 0.279181 -0.843578
7003 1121 56073 0.681361 0.723658 2.663253
7003 1121 56085 0.523919 1.947503 0.651427
7004 1443 72188 0.215735 1.193301 0.570096
7014 1593 79662 0.126600 1.813091 2.828505
7021 562 28105 0.277866 1.109961 -0.245613
7021 562 28121 0.665846 1.117264 1.640450
5351 28 1412 0.438460 2.138017 2.896739
7026 110 5509 0.479349 2.439209 0.101262
7026 110 5550 0.160974 2.241854 0.951166
7023 1745 87291 0.347432 0.992949 2.182134
7023 1745 87296 0.195396 1.119681 -1.853486
7011 257 12877 0.214453 2.022433 0.098928
7023 61 3075 0.349923 2.289812 -1.966257
7006 91 4572 0.216209 1.173115 3.113770
5361 125 6283 0.269404 0.340621 -0.028345
7023 93 4660 0.477293 1.186729 0.619321
7023 93 4686 0.300375 1.161683 0.904800
7023 93 4695 0.173925 1.050733 0.262431
6999 24 1231 0.291964 2.328191 -1.174672
6999 24 1240 0.456206 1.907102 -3.074250
7016 131 6567 0.448643 0.289490 2.745552
7016 131 6582 0.164087 2.333096 -2.657167
7016 131 6584 0.256473 1.893453 0.917802
6279 25 1252 0.157885 1.309599 -2.770933
5090 147 7388 0.205066 2.439044 3.043551
7022 0 21 0.168120 0.593937 1.799308
7022 0 36 0.188536 2.951389 1.150023
7012 622 31125 0.322569 0.854811 1.749556
7012 622 31135 1.126107 0.139776 2.342603
7012 622 31138 0.588723 0.821707 -1.550474
7014 293 14689 0.404787 0.326876 1.801027
7014 293 14699 0.240571 2.702189 -0.001663
7049 1659 82972 0.333077 2.771288 -2.995420
7049 1659 82997 0.545760 0.883055 1.850749
7026 144 7207 0.417048 2.809537 1.741728
7026 144 7223 0.116866 2.269632 2.713718
7026 144 7247 0.141050 1.013402 3.090661
6676 56 2819 0.155381 2.705649 -2.907841
7049 820 41033 2.403245 0.174867 0.202401
7014 1356 67824 0.161439 2.706887 -2.630013
7014 1356 67826 0.227861 1.016589 2.776189
5376 48 2443 0.268090 1.016410 1.192588
5586 165 8279 0.198316 2.346788 -1.016983
6553 136 6850 0.340568 2.744026 1.624853
7004 60 3019 0.214300 0.190378 2.441455
7004 60 3025 0.691041 2.555469 -0.290832
7004 60 3037 0.146559 2.411822 0.289024
7004 60 3039 0.165752 1.944710 -0.523231
7055 321 16092 0.525033 1.121833 0.492504
7021 524 26214 0.460346 2.162390 1.432111
6299 24 1203 2.620002 0.057862 0.922493
7017 386 19301 0.307630 1.506665 2.335456
