14590 23 1153 0.548961 1.223267 2.586062
14590 88 4437 0.231992 1.063142 3.021251
14590 127 6373 0.548979 0.058414 -2.591693
14590 134 6716 0.241882 0.727608 0.011449
15160 59 2951 0.431311 0.369664 -2.205576
15160 65 3258 0.573187 1.157907 3.124221
15160 74 3732 0.401723 0.785983 -0.012590
15160 78 3920 0.322102 0.869044 -1.367533
15160 89 4466 0.334471 1.868334 2.470193
15160 151 7590 0.940015 0.578008 1.975332
15160 186 9333 0.406975 0.370902 -0.040675
15160 219 10987 0.111369 0.459442 -2.940630
15160 234 11713 0.562041 0.878401 -0.880478
15160 273 13664 0.723758 0.201054 -2.669419
15160 274 13719 0.119120 0.534404 1.379764
15160 287 14361 0.330018 0.321379 0.830759
15160 290 14549 0.378098 1.149648 0.521986
15160 299 14976 0.380274 1.363818 1.298434
15160 308 15442 0.573966 0.482402 0.403042
15160 320 16016 0.667997 0.227502 -2.069957
15160 320 16040 0.464624 0.737545 1.174757
15160 328 16416 0.358660 1.182970 2.008138
15160 337 16874 0.540843 0.955835 -2.602198
15160 338 16918 0.270897 0.402046 1.600241
15160 339 16980 0.227600 0.974208 -2.539869
15160 390 19510 0.506113 0.433125 -1.736647
14890 99 4981 0.403105 1.500977 0.584403
14890 99 4998 0.307796 1.048692 -1.278478
15093 10 514 0.763654 0.333667 0.208228
15093 19 955 0.299967 0.233994 -2.256072
15093 31 1554 0.156957 1.346516 1.255971
15093 32 1614 0.538471 0.377760 -0.594104
15093 35 1797 0.971941 0.384585 0.092842
15093 38 1927 0.381040 1.913080 0.046576
15093 65 3278 0.636129 0.363842 0.754270
15093 66 3315 0.431261 2.108916 0.623551
15093 77 3853 0.568549 1.266567 1.263732
15093 80 4002 0.354374 1.028276 1.342761
15093 80 4039 0.873186 0.454189 0.103024
15093 81 4093 0.314194 0.745875 1.444069
15093 113 5679 0.497404 0.406679 0.379769
15093 120 6048 0.277064 0.772664 -1.011244
17139 14 740 0.204995 0.462791 0.436239
17139 44 2212 0.301937 0.419857 0.957542
17139 76 3820 0.608759 0.828176 0.213929
17139 96 4838 0.279262 1.569728 -0.934489
17139 109 5467 1.154281 0.138096 -0.851109
17139 145 7269 0.376886 0.136994 -1.996622
17139 146 7310 0.316831 1.307765 2.177516
17139 146 7327 0.699106 0.185298 1.257957
17139 157 7863 0.800710 0.537179 -2.701213
17139 164 8216 0.552179 1.227671 -2.941795
17139 171 8596 0.335953 0.696832 2.604337
17139 178 8925 0.466803 1.293046 1.588409
17139 200 10037 1.077418 0.311987 2.983938
17139 202 10146 0.188106 2.463680 1.189800
17139 262 13149 0.558252 0.845061 -0.987497
17139 294 14721 0.483324 0.418031 2.650693
17139 294 14744 0.451001 0.294757 -0.458668
17139 301 15052 0.554486 0.367075 3.036919
17139 310 15514 0.186149 1.244221 1.881209
17497 52 2616 0.663414 0.552090 0.113453
17497 54 2730 0.491091 0.343376 -2.413304
17497 68 3408 0.499294 0.502811 3.097292
17497 68 3445 0.267775 1.825687 2.242830
17497 78 3909 0.912627 0.437239 2.793708
17497 93 4679 0.438753 0.417133 -0.031996
17497 102 5115 0.192404 0.531056 -0.319664
17497 113 5691 0.257145 2.064337 -0.723415
17497 154 7710 0.876543 0.654719 0.549313
17497 156 7815 0.155305 1.974533 2.869514
17497 160 8022 0.303658 1.645175 -2.291740
17497 183 9153 0.183737 1.625939 -0.504853
17497 183 9166 0.425327 1.498958 0.517212
17497 183 9187 1.225329 0.278161 0.964914
17497 199 9981 0.352016 1.630860 -3.055681
17497 199 9987 0.367964 0.914748 0.226717
17497 202 10126 0.438065 0.902459 -1.020873
17497 208 10405 0.363165 0.071431 0.466564
17497 224 11230 0.503529 1.075040 -2.917189
17497 236 11807 0.328751 1.128440 -2.015107
14216 47 2383 0.663576 0.661077 -2.611217
14216 73 3652 0.404750 2.689815 -1.016332
14216 78 3920 0.359144 1.512597 -2.334586
14216 96 4819 1.280406 0.128747 -0.766048
14216 99 4982 0.345550 1.346698 2.235245
14216 112 5608 0.299529 0.146804 -0.245991
15438 1 68 0.606773 0.415981 -0.146239
15438 7 366 0.319231 0.904974 0.315952
15438 8 426 0.507267 0.241773 -2.175821
15438 15 795 0.171072 0.886069 0.079505
15438 17 885 0.529744 1.533220 0.647240
15438 19 988 0.149899 0.338611 -1.444778
15438 20 1031 0.362777 1.165430 -1.083849
14890 5 272 0.337554 0.733047 1.192550
14890 10 502 0.711658 0.562709 -0.299666
14890 19 968 0.453486 0.720639 -2.971472
14890 28 1448 0.556460 0.600891 2.517992
14890 41 2100 0.210624 0.544483 -0.891151
14890 45 2286 0.174005 1.448851 -2.349109
14890 74 3730 0.703852 0.622376 -3.048192
14890 82 4147 0.301976 1.530013 1.395150
14890 87 4376 0.303478 1.564815 -0.411601
14890 93 4660 0.169929 1.133072 -3.037460
14890 93 4661 0.507348 0.116131 -0.689899
14890 97 4895 0.489413 0.782661 -0.699747
14890 102 5111 0.711801 0.536907 2.049861
14890 102 5120 0.582289 0.719422 0.209705
14890 136 6845 0.391352 0.676435 -1.212235
14438 13 652 0.400986 0.722948 2.578284
14438 24 1238 0.375578 2.235109 -0.416373
14438 48 2402 0.432363 1.307703 2.212968
14438 68 3433 0.358699 0.829482 2.197667
14438 79 3980 0.170837 1.230332 1.263862
14438 82 4138 1.228640 0.234481 -0.176432
14438 105 5267 0.164765 1.040267 2.357044
14438 125 6257 0.271868 0.751983 2.015140
14438 141 7058 0.369795 1.180994 1.514547
14438 155 7785 0.503889 1.355966 1.544305
14438 185 9298 0.459905 0.967122 -0.210719
14438 187 9380 0.266881 0.897533 1.644211
14438 206 10338 0.303742 0.989540 -2.631250
14438 240 12006 0.715449 0.205926 0.410284
14438 241 12064 0.344394 0.661951 3.114960
14438 249 12467 0.286359 1.223854 3.052095
14438 251 12576 0.316273 0.804331 2.936009
14438 261 13091 0.251737 1.440791 2.969667
16038 12 609 0.276859 0.835946 -2.245407
16038 44 2219 0.635581 0.450815 0.400880
16038 84 4248 0.405062 0.613860 -1.015662
16038 87 4372 0.347469 1.013546 1.133542
16038 91 4573 0.237695 0.476973 -0.663125
16038 104 5234 0.485954 1.607410 0.244512
16038 125 6283 0.669209 0.817747 0.335990
16038 133 6690 0.534198 0.871023 1.868153
16038 144 7206 0.516622 0.482214 -3.100393
16038 156 7850 0.547848 0.385505 1.098637
16038 198 9906 0.399989 0.613010 1.841313
16038 306 15343 0.397365 0.504229 0.282851
16038 316 15838 0.349023 1.146669 0.214390
16038 317 15883 0.470472 0.938893 -0.190244
16038 325 16257 0.407298 0.780150 -0.952350
16038 348 17426 0.522560 0.677554 0.557966
16038 375 18762 0.388674 0.816711 1.770212
16038 379 18962 0.173618 1.889265 1.760426
16038 383 19179 1.017573 0.325315 1.315431
16038 399 19978 0.508740 0.961620 1.792083
16038 399 19980 0.544590 0.727567 2.764891
16038 404 20240 0.230807 2.381926 1.767807
16038 406 20320 0.609345 0.558164 -0.183559
16038 411 20559 0.242996 2.041784 -2.583798
16038 411 20579 0.711353 1.274617 -2.688209
17223 3 169 0.295978 0.899310 1.767392
15051 19 973 0.266042 0.496090 1.616926
14704 2 118 0.518584 0.950771 0.163845
17497 81 4052 0.683203 0.773996 -0.387519
17497 81 4090 0.124754 0.923957 -1.210291
17497 110 5530 0.180946 1.009549 -1.344251
17497 112 5603 0.502952 0.250931 2.624431
17497 121 6089 0.623069 0.389074 2.000043
17497 123 6185 0.292119 0.897109 2.157036
17497 134 6705 0.594843 0.615047 2.995417
17497 222 11127 0.715600 0.838249 0.257145
17497 230 11548 0.236676 1.906408 1.213015
17497 231 11553 0.308502 0.699173 -2.322617
17497 239 11970 0.419757 0.574462 2.827710
17497 250 12520 1.032145 0.483190 -3.134535
17497 253 12664 0.239122 0.603803 1.080031
14890 5 272 0.337554 0.733047 1.192550
14890 10 502 0.711658 0.562709 -0.299666
14890 19 968 0.453486 0.720639 -2.971472
14890 28 1448 0.556460 0.600891 2.517992
14890 41 2100 0.210624 0.544483 -0.891151
14890 45 2286 0.174005 1.448851 -2.349109
14890 74 3730 0.703852 0.622376 -3.048192
14890 82 4147 0.301976 1.530013 1.395150
14890 87 4376 0.303478 1.564815 -0.411601
14890 93 4660 0.169929 1.133072 -3.037460
14890 93 4661 0.507348 0.116131 -0.689899
14890 97 4895 0.489413 0.782661 -0.699747
14890 102 5111 0.711801 0.536907 2.049861
14890 102 5120 0.582289 0.719422 0.209705
14890 123 6172 0.531039 0.818335 -2.581921
14890 123 6193 0.629335 0.669174 -1.002181
14890 136 6845 0.391352 0.676435 -1.212235
16813 24 1239 0.282402 1.031120 0.306923
16813 28 1437 0.312198 0.800634 1.398712
17196 5 251 0.757159 0.947638 -0.156031
17196 16 834 0.466106 1.313953 1.086861
17196 20 1046 0.646024 0.439791 1.641549
17196 62 3146 0.279401 0.527918 1.481531
14830 1 94 0.507637 0.250845 2.645857
14830 5 265 0.578710 0.320080 -0.524119
14830 5 269 0.942673 0.315034 0.051475
14830 7 353 0.221229 0.523454 -2.090953
14830 10 546 0.598205 1.011691 1.495577
14830 10 547 0.204667 2.415511 2.583259
14830 12 608 0.777566 1.087545 2.717099
14830 12 648 0.246767 0.757400 -1.002409
14830 19 956 0.206711 2.104065 2.297705
14830 19 988 0.227787 1.329069 -3.066779
14830 21 1080 0.622598 0.591716 2.484888
14830 21 1099 0.867998 0.472303 0.872409
14830 26 1303 0.379099 1.251269 1.816434
14830 27 1371 0.543698 1.192319 -0.262308
14830 32 1611 0.209367 2.278855 -2.933085
14830 32 1620 0.811068 0.178238 -2.728983
14830 36 1819 0.441774 0.830879 2.272068
14830 40 2001 0.692193 0.203563 2.268702
14830 41 2077 0.451476 0.911823 1.231233
14830 48 2409 1.199517 0.084068 -0.246345
14830 48 2429 0.335831 0.449730 -2.786918
14830 51 2598 0.264153 0.749430 -0.422752
14830 52 2636 0.383835 2.103501 2.256179
14830 54 2702 0.325603 0.341237 0.755199
14280 1 78 0.258384 0.799141 -1.487793
14280 2 106 0.494154 0.519027 2.165347
14280 14 746 0.860313 0.250883 -2.865796
14280 23 1164 0.347979 0.896986 1.733336
14280 23 1190 0.168517 2.533089 2.497197
14280 24 1241 0.136376 2.562081 -2.906934
14280 25 1251 0.403696 1.198115 2.794305
14280 25 1275 0.263001 0.744845 -1.795464
14280 28 1415 0.226495 0.810128 -1.167760
14280 35 1785 0.266458 0.671310 2.089066
14280 38 1934 0.483570 0.546591 -2.955212
14280 49 2499 0.511564 0.786650 -1.069221
14280 55 2787 0.306121 1.099125 2.613507
14280 56 2850 0.406597 0.976195 1.843389
14280 64 3242 0.265529 0.520085 2.089861
16946 78 3903 0.576709 0.523086 -1.107255
16946 78 3946 0.322028 0.674279 0.754112
16946 197 9897 0.185424 1.943291 0.439778
16946 287 14361 0.179954 0.638783 -0.937629
16946 293 14669 0.316577 1.650195 2.863586
14886 12 604 0.318326 1.746971 0.760473
14886 27 1352 0.275418 0.389068 -2.399479
14886 59 2979 0.242906 0.735967 -2.906738
14886 80 4010 1.430915 0.099345 2.632601
14886 80 4049 0.394675 1.323249 2.915926
14886 83 4199 0.634126 0.267026 2.406921
14886 87 4380 0.388073 3.104708 2.409177
14886 95 4759 0.617253 0.483405 -1.714553
14886 95 4760 0.868547 0.077901 -2.675928
14886 98 4910 0.492449 0.687521 -1.549420
14886 107 5381 0.694473 0.497449 1.087669
14886 115 5799 0.591324 0.652641 0.817770
14886 117 5881 0.231343 1.043250 -2.709229
14886 118 5917 0.380159 0.401210 -2.389851
14886 118 5950 0.552131 0.434870 -1.373944
14886 148 7406 0.379419 0.833556 -1.733600
15051 9 492 0.286246 0.542706 -2.079181
15051 20 1031 0.248144 2.082384 0.716257
14772 63 3198 0.288402 1.389359 2.006477
14772 72 3605 0.599063 1.149241 -0.335458
14772 74 3750 0.154442 2.865964 -1.028288
14772 95 4757 0.355715 0.853660 2.124113
14772 105 5262 0.409878 1.131379 -2.729343
14772 124 6214 0.497834 1.084716 2.458841
14772 124 6231 0.412223 0.943171 0.829743
14772 168 8419 0.349620 1.128132 1.355384
14772 168 8431 1.075501 0.244322 -2.179409
14772 284 14209 0.259878 2.601814 0.548354
14772 15 760 0.469327 0.514341 1.237799
14772 22 1115 0.183270 1.162643 1.048234
14772 40 2017 0.644098 1.140058 1.157727
14772 43 2151 0.431944 1.105793 1.788518
14772 43 2167 0.719744 0.476718 2.975340
14772 49 2481 0.509831 0.471806 1.145955
14772 54 2734 0.286230 1.095110 0.578641
14772 80 4019 0.464822 1.178748 1.489188
14772 80 4036 0.379644 1.031122 -1.060218
14772 87 4354 0.618232 1.070029 0.116322
14772 97 4853 0.458781 0.489601 2.337041
14772 111 5551 0.301470 0.716003 2.913122
14772 165 8272 0.274389 0.511732 3.102246
14772 172 8610 0.221176 2.365938 0.870782
14772 235 11766 0.574289 0.179196 1.244233
14772 241 12100 0.434531 0.847487 2.126107
14772 248 12408 0.536272 1.305680 1.904021
14772 249 12455 0.856173 0.171794 2.848948
14772 274 13727 0.580379 0.631163 -0.419140
14772 277 13853 0.768332 1.085993 -0.393562
14772 279 13952 0.481445 1.079398 0.700052
14772 279 13976 0.402844 0.606126 0.354673
15222 177 8876 0.417071 1.633337 -0.528456
15222 180 9027 0.242266 1.006320 -0.271870
15222 181 9080 0.640112 0.854655 1.938777
15222 185 9272 0.495880 0.466708 0.461600
15222 187 9396 0.504158 0.196139 2.790694
15222 190 9520 0.699715 0.104805 -0.873593
15222 190 9546 0.288982 1.404318 -2.704062
15222 193 9699 0.604315 0.554190 2.626054
15222 195 9767 0.344570 1.184165 1.918384
15222 197 9879 0.327402 0.373345 -1.465915
15222 198 9911 0.238472 0.256310 1.372993
15222 198 9940 0.267747 1.158312 -2.577498
15222 203 10159 0.321531 2.227819 -2.881928
15222 212 10619 0.666495 0.742310 -0.091484
15222 214 10710 0.299430 1.576290 -0.556972
15222 215 10792 0.698193 0.647320 -0.193990
15222 216 10828 0.228286 0.552601 1.638753
15222 218 10914 0.234164 1.135587 -0.719145
15222 218 10928 0.474684 0.378008 1.021931
15222 222 11121 0.478080 0.339132 -3.005196
15222 222 11133 0.407928 0.857732 1.384843
15222 228 11439 0.199234 1.950258 -2.596838
15222 230 11507 0.376304 1.126188 1.401874
15222 236 11830 0.440687 0.945996 -0.020813
15222 238 11917 0.500601 0.777594 2.489285
15222 241 12083 0.417986 1.301911 0.857314
14438 7 377 0.235729 1.806555 -1.676601
14438 23 1174 0.560696 0.837356 0.054551
14438 60 3021 0.339966 0.574152 -0.614518
14438 101 5073 0.645147 0.436674 1.328696
14438 104 5209 0.311028 1.760219 -1.991997
14438 110 5513 0.553879 0.451458 -1.260388
14438 129 6500 0.297929 0.835878 1.676411
14438 150 7541 0.733145 0.415531 0.133868
15799 7 374 0.484176 0.508002 -2.661837
15799 34 1748 0.330361 1.029072 2.893755
15799 135 6779 0.985463 0.130601 2.015671
15799 158 7903 0.200666 1.323801 -2.280295
15799 177 8852 0.400611 0.933798 1.899959
15799 203 10161 0.164504 0.856237 2.112520
15799 256 12804 0.692049 0.111588 0.666577
15093 5 293 0.222630 0.681038 1.741370
15093 18 923 0.489868 1.351826 -1.189998
15093 51 2568 0.219198 0.964895 0.851204
15093 51 2591 0.484759 0.770879 -0.402958
15093 52 2615 1.103488 2.876485 -0.880502
15093 59 2983 0.146178 0.695684 -0.106589
15093 79 3958 0.297476 1.817242 2.582195
15093 97 4878 0.329270 0.804836 1.296763
15093 102 5146 0.397447 0.726594 1.277716
15093 104 5216 0.372955 0.969953 0.723389
15093 112 5606 0.648114 0.081720 0.655764
15093 117 5856 0.792575 0.788055 0.457006
15093 118 5941 0.302310 0.287005 -1.409197
15093 121 6056 0.387604 1.587155 -0.412000
15093 122 6114 0.346613 1.196160 -0.244422
15093 125 6264 0.571202 0.454765 -1.288677
14890 2 106 0.268207 2.315238 -2.758331
14890 6 345 0.287288 1.835346 2.672007
14890 9 472 0.674836 0.667945 2.766896
14890 14 736 0.268273 0.911449 -3.078017
14890 23 1166 0.343727 1.672411 2.669958
14890 27 1351 0.202465 1.366992 1.644770
14890 35 1796 0.665477 0.456816 1.607231
14890 46 2330 0.289179 1.891257 1.965574
14890 69 3474 0.180377 0.674961 0.403351
14890 80 4021 0.258990 0.726735 2.114744
14890 85 4298 0.325402 0.496958 -2.769310
14890 105 5300 0.139508 1.650838 -0.815467
14890 121 6089 1.006585 0.362832 1.458558
14890 134 6703 0.416174 0.700297 -1.589218
14890 135 6771 0.295045 0.293662 0.231573
16122 39 1952 0.393268 0.368904 1.306630
16122 57 2880 0.317911 1.571590 1.033364
16122 82 4111 0.235816 1.974793 2.929549
16122 190 9531 0.738871 0.738379 -0.418771
16122 226 11328 0.407418 1.502200 -1.347349
16122 311 15568 0.536546 0.893696 -0.954813
16122 311 15579 0.295207 1.291724 2.602206
16122 321 16077 0.535455 0.402443 -2.513005
16122 393 19691 0.621297 0.823394 -0.391188
16122 405 20274 0.599550 0.861174 1.344270
16122 415 20772 1.065693 0.326627 1.100746
16122 426 21336 0.585971 0.474109 1.888192
16122 475 23794 0.654590 0.541058 -0.526563
16122 510 25546 0.272624 1.153234 -2.933279
16122 512 25601 0.459274 1.232987 1.013963
16122 515 25779 0.206227 2.159893 -0.427855
16122 532 26620 0.693869 0.696311 1.207224
16122 532 26627 0.327900 1.368240 -0.101059
14822 5 292 0.150757 0.546419 1.412247
14822 17 900 0.617163 0.432242 3.128698
14822 24 1232 0.444584 1.041800 1.589745
14822 28 1403 0.942779 0.219604 -2.937572
14822 32 1601 0.443178 0.350913 1.393789
14822 32 1613 0.426991 0.129915 -1.935347
14822 36 1811 0.240780 0.785533 0.884992
14822 36 1838 0.507004 0.655745 0.177384
14822 46 2330 0.416361 1.634254 1.136942
14822 49 2459 0.363838 1.112199 1.212960
14822 57 2851 0.736373 0.637966 -0.823842
14185 2 123 0.128720 1.602815 -1.941548
14263 1 79 0.517925 0.803980 -1.649022
14263 5 298 0.634726 0.377796 -2.611953
14263 8 442 0.175635 2.242573 2.231453
14263 17 858 2.516527 0.167867 1.622693
14263 17 870 0.224010 0.835745 -1.000657
14263 22 1139 0.809705 0.289078 2.194095
14263 43 2187 0.447957 1.012822 1.794983
14263 84 4231 0.404727 1.038169 0.667332
14263 101 5058 0.463513 1.096833 1.101197
14263 124 6204 0.291705 1.111640 -0.197772
14263 137 6860 0.160642 0.874940 -3.101169
14263 156 7824 0.310333 1.312251 1.624122
14263 169 8499 0.657332 0.212402 -1.041792
14263 224 11210 0.172230 2.148539 2.831512
14263 225 11281 0.621038 0.713406 -3.035661
14263 228 11416 0.352506 0.901112 0.492749
14263 237 11867 0.309970 0.464383 -0.232074
14263 278 13924 0.564649 0.815325 0.086234
14263 311 15571 0.247946 0.875461 3.136998
14263 311 15583 0.227845 0.527934 -1.711932
14981 15 793 0.795681 0.118520 0.033670
14981 48 2443 0.369054 1.047193 2.006511
14981 74 3715 0.538726 1.008710 2.230920
14981 100 5049 0.235886 2.113467 -2.441206
14981 139 6991 0.830895 0.698902 -0.557012
14981 158 7946 1.234324 0.519042 0.415422
14981 166 8322 0.799462 0.657533 -0.451432
14981 172 8605 0.583778 0.319570 -0.974624
14981 183 9171 0.243731 1.945305 0.996077
14981 192 9643 0.397545 0.391290 1.565715
14981 214 10702 0.527927 1.537648 0.780718
14981 219 10953 0.407835 0.546921 3.061790
14981 219 10986 0.497108 1.043051 2.421793
14981 226 11323 0.331238 0.739289 -0.539427
14981 240 12029 0.270936 0.817619 1.510877
14981 247 12376 0.542494 1.345693 2.649057
16147 3 185 0.231378 0.442124 0.782586
16147 3 199 0.139547 1.631502 -1.352732
16147 17 875 0.274565 0.802728 -1.466402
16147 18 901 0.430414 1.137739 3.028781
16147 33 1656 0.361406 0.181062 -0.858830
16147 47 2363 0.403365 1.299917 -2.589152
16147 89 4487 0.766225 0.498695 0.308198
16147 91 4575 0.468108 0.599417 1.026645
16147 94 4701 0.269751 0.845737 -3.031044
16147 96 4809 0.275353 0.790066 2.270303
16147 100 5020 0.527658 0.265826 2.974007
16147 119 5990 0.169992 2.159190 -2.979245
16147 250 12542 0.301507 1.460526 0.859762
16147 301 15069 0.211133 2.334486 0.570316
16147 307 15391 0.563895 0.654691 0.918091
16147 323 16195 0.619443 0.292626 -2.366174
16147 336 16834 1.093237 0.165869 -0.907294
16147 345 17256 0.251397 0.608335 2.443030
16147 389 19464 0.318239 1.007352 -3.021861
16808 10 516 0.236490 1.108590 1.218202
16808 11 553 0.318091 0.855433 -2.456699
14187 12 650 0.324970 0.373200 -1.668170
14187 24 1213 0.403770 1.107626 2.814875
14187 41 2088 0.310986 1.005815 -2.290965
14187 53 2652 0.348403 2.992296 -2.397843
14187 55 2770 0.328098 0.556092 -0.637016
14187 55 2792 0.294463 1.084168 -2.724101
14187 57 2869 0.494943 0.951810 -2.682914
14187 66 3302 0.540385 0.356026 -2.929068
14187 66 3330 0.671104 0.207336 -1.425445
14187 87 4378 0.730545 0.903807 -1.580021
14187 90 4511 0.446636 1.876053 1.968071
14187 99 4973 0.290993 1.095453 1.684103
14187 129 6492 0.305834 0.860759 -2.709115
14187 130 6529 0.614630 0.406132 -0.638582
14187 137 6864 0.815583 0.136050 -1.874349
17497 70 3508 0.334313 1.362566 2.676062
17497 77 3864 0.904263 0.222141 2.482771
17497 89 4457 0.325505 2.317231 -1.942429
17497 99 4982 0.413105 1.510212 2.738260
17497 99 4989 0.623642 0.447509 1.812216
17497 114 5711 0.499631 1.256439 -2.774461
17497 122 6109 0.118297 2.151974 -2.722392
17497 142 7101 0.732706 0.714596 -2.794874
17497 144 7226 0.183374 0.801700 0.473318
17497 153 7660 0.166496 0.915156 2.248294
17497 161 8069 0.356344 1.862705 -1.794290
17497 166 8324 0.432015 1.286587 0.747848
17497 215 10783 0.206908 0.476580 2.225567
17497 215 10796 0.123855 1.965223 -2.086482
17497 240 12032 0.372779 0.825492 -2.540352
17497 242 12102 0.395248 0.667530 -2.968350
17524 62 3105 0.220200 2.268108 2.459893
17524 93 4700 0.482939 0.296082 0.449752
17524 207 10358 0.558157 0.532739 3.047119
17524 257 12890 0.168820 1.718488 -2.686246
14453 9 477 0.325170 0.210002 2.248715
14453 24 1218 0.257972 0.285361 3.089017
14453 39 1988 0.555557 0.547383 0.314143
14453 46 2336 0.562241 0.636901 -2.412116
14453 48 2445 0.237497 0.463128 2.007718
14453 55 2782 0.311700 0.581455 -0.211618
14453 81 4098 0.259948 0.730851 1.873755
14453 86 4305 0.566380 0.403611 2.749990
14453 90 4541 0.275938 1.158460 2.617571
14453 91 4593 0.493693 1.412233 0.374418
14453 101 5083 0.420427 0.339007 -1.766541
14453 105 5276 0.844521 0.536571 -1.731903
14453 140 7039 0.364819 1.564876 -2.416462
14453 140 7043 0.437420 1.141704 -2.782995
14453 140 7049 0.376056 1.201365 1.406214
14453 147 7367 0.569961 0.788413 2.746416
14453 175 8784 0.392545 0.415384 2.919137
16066 14 746 0.236698 0.452415 0.071873
16066 39 1965 0.878664 0.309305 -2.873695
14955 4 228 0.219699 1.915668 0.378295
14955 6 318 0.576312 0.088521 3.110693
14955 9 480 0.476450 1.454998 1.512327
14955 22 1144 0.493713 1.005328 0.905515
14955 55 2770 0.176028 1.052951 -0.635166
14955 79 3974 0.279031 1.835283 0.961613
14955 82 4117 0.587451 0.762101 0.114340
14955 83 4160 0.686474 0.357070 -1.901344
14955 83 4165 0.235164 1.077941 -3.134665
14955 97 4851 1.436754 2.901717 1.895172
14955 143 7176 0.135204 0.519843 -2.943784
14955 159 7958 0.677235 0.795292 1.962560
14955 170 8541 0.329431 0.329839 -2.342228
15160 4 228 0.140980 0.840098 3.137341
15160 40 2039 0.543950 2.422574 -0.832766
15160 57 2866 0.290679 1.244948 2.105743
15160 99 4971 0.225761 1.881431 -2.957590
15160 110 5504 1.074018 0.363454 1.855505
15160 112 5610 1.072405 0.190866 -2.029120
15160 115 5797 0.891285 0.554472 -1.758368
15160 123 6184 0.594118 0.796846 -2.327752
15160 157 7867 0.287386 1.153622 0.369271
15160 177 8878 0.623999 1.203149 1.035913
15160 182 9137 0.366369 1.209862 -0.510999
15160 187 9397 0.169619 0.525384 2.161659
15160 195 9780 0.355192 0.900775 0.113092
15160 195 9788 0.510523 0.750015 2.841478
15160 202 10111 0.382822 1.366124 2.547834
15160 203 10155 1.398279 0.171192 0.205779
15160 214 10707 0.364171 2.095803 0.219923
15160 215 10757 0.519433 0.961571 -0.259028
15160 254 12711 0.334174 0.356221 -2.800999
15160 277 13853 0.246318 2.429236 0.477724
15160 279 13984 0.548025 0.320158 0.156570
15160 288 14428 0.218028 0.338608 2.626543
15160 332 16633 0.113200 0.641398 -1.491910
15160 385 19298 0.180484 0.042778 0.190433
15160 400 20023 0.363679 0.318856 -0.693283
17139 6 342 0.385698 1.420018 0.363529
17139 152 7603 0.555262 0.814585 0.066418
17139 168 8420 0.530524 0.313090 -3.090617
17139 172 8624 0.133984 0.516273 1.530973
17139 176 8833 0.356088 1.233307 1.321665
17139 230 11549 0.305624 1.744395 -0.652206
17139 267 13376 0.463807 0.456688 1.927665
17139 277 13897 0.331154 0.816528 0.041298
17139 324 16237 0.530099 0.279186 -2.452327
17139 332 16632 0.428926 0.200670 -0.064119
14587 9 500 0.423737 1.499508 -2.635537
14587 17 860 0.468423 0.622255 -2.466928
14587 73 3656 0.255240 0.350472 -0.229144
14263 1 79 0.517925 0.803980 -1.649022
14263 5 298 0.634726 0.377796 -2.611953
14263 101 5058 0.463513 1.096833 1.101197
14263 104 5210 0.472120 0.311377 -1.923516
14263 119 5984 0.280212 0.947855 -1.418157
14263 123 6195 1.181002 0.203263 0.452830
14263 142 7141 0.594303 0.745631 2.561562
14263 166 8344 0.155065 1.079944 1.249466
14263 176 8831 0.470316 0.990550 1.770113
14263 225 11281 0.621038 0.713406 -3.035661
14263 275 13773 0.189431 2.644853 -2.290048
14263 311 15571 0.247946 0.875461 3.136998
14263 311 15583 0.227845 0.527934 -1.711932
16204 87 4353 0.317450 1.460158 1.800965
14772 16 835 0.429978 0.874623 -2.956422
14772 79 3975 0.275956 0.835249 -0.529117
14772 117 5872 0.582438 0.606509 0.538738
14772 120 6001 0.636933 0.428705 -0.093978
14772 155 7760 0.296774 2.305151 2.952451
14772 177 8875 0.182740 2.063201 -0.688917
14772 183 9195 0.238842 2.124218 -0.594340
14772 224 11232 1.560518 0.307423 1.647669
14772 232 11602 0.194224 0.611718 1.809481
14772 232 11608 0.145791 1.030632 0.235757
14772 283 14192 0.195652 0.495609 2.150089
14772 293 14669 0.437373 0.786807 -2.551588
16555 19 993 0.765597 0.362935 -1.295599
16555 29 1485 0.202640 1.485886 2.865413
16555 44 2240 0.404548 1.198418 -1.421680
16555 58 2950 0.348609 0.429026 1.732407
16555 104 5234 0.744314 0.620402 0.315476
16555 104 5241 0.555440 1.171902 -2.505321
16555 120 6013 0.385507 1.751463 0.002815
16555 156 7841 0.219644 1.923024 2.399670
16555 156 7849 0.235347 2.185733 -0.522610
16147 2 111 0.246302 1.477583 3.040020
16147 57 2859 0.313755 0.290124 -2.414352
16147 117 5864 0.438304 0.822454 1.158171
16147 267 13381 0.440309 0.841961 1.702522
16147 297 14895 0.935655 0.667146 0.886816
17099 0 33 0.169877 0.859894 -0.897980
17099 2 137 0.441283 0.871110 2.115782
17099 21 1061 0.319415 0.251436 2.394128
17099 27 1358 0.733233 0.132299 -1.158568
17099 42 2131 0.388324 0.627367 -0.024320
17099 49 2456 0.533274 0.422825 1.200735
17099 49 2463 0.540601 0.598627 -2.145928
17099 56 2832 0.215570 2.145043 0.143833
17099 71 3598 0.612067 0.669831 0.784295
17099 84 4245 0.532728 0.570654 -2.361573
17099 85 4271 0.449301 2.191530 -3.119860
17099 85 4282 0.404105 0.285290 2.067336
17099 85 4292 0.398604 1.123537 -0.757213
14343 0 4 0.739850 0.273225 -1.349472
14343 0 19 0.493181 0.941739 -2.215133
14343 46 2304 0.141852 0.502101 -2.532898
14343 46 2347 0.202551 0.772822 -1.523040
14343 83 4182 0.346581 1.613412 -1.474517
14343 120 6015 0.358777 0.828307 1.337193
14343 120 6037 0.754572 0.199676 -2.301416
14343 148 7439 0.155048 1.501542 -2.645090
14343 211 10593 0.538041 0.660220 2.110015
14343 227 11379 0.514477 0.463966 -2.569970
14343 272 13648 0.399771 0.267976 -2.665162
14343 274 13735 0.180375 1.292436 -2.370544
14343 301 15075 0.370378 1.377455 1.666292
14343 317 15854 0.415078 1.048565 1.942274
14343 43 2151 0.773377 0.285177 -1.625008
14343 60 3029 0.367585 0.948838 1.583244
14343 84 4226 0.495728 0.376481 -2.651558
14343 88 4408 0.702821 0.341328 0.042443
14343 151 7562 0.162841 1.037539 2.374770
14343 151 7581 0.338553 0.836633 1.820647
14343 224 11248 0.352363 0.971175 -2.932866
14343 247 12365 0.401816 1.250084 2.051131
14343 247 12392 0.356024 0.146568 -1.145556
14343 266 13343 0.407985 0.694169 1.998630
14343 267 13357 0.651981 0.536423 1.383332
14343 268 13420 0.858752 0.334895 2.409763
14343 292 14618 0.403422 0.484579 3.125402
17467 3 180 0.388400 0.978046 0.066888
17467 4 224 0.589755 0.561018 -0.783756
17467 9 469 0.519759 1.148646 2.126131
17467 10 520 0.740073 0.695639 -2.650172
17467 13 693 0.442879 0.863434 1.127875
17467 28 1413 0.373958 1.205165 -2.471432
17467 29 1462 0.539933 0.434363 -2.853756
17467 38 1945 0.591781 1.206964 -2.024619
17467 56 2812 0.274312 1.281499 1.336671
17467 59 2964 0.613572 0.486183 1.259786
17467 59 2989 0.205390 2.071736 -1.895471
17467 78 3933 0.319312 2.564332 2.364518
17467 90 4521 0.295070 0.830788 3.102292
17467 100 5048 1.100966 0.384666 -0.779115
17467 105 5274 0.690180 0.298777 -2.240526
17467 108 5412 0.335501 0.876865 1.943030
16212 6 311 0.493637 0.562614 -0.546768
16212 20 1039 0.380820 1.413965 2.512597
14890 2 106 0.268207 2.315238 -2.758331
14890 5 272 0.337554 0.733047 1.192550
14890 6 345 0.287288 1.835346 2.672007
14890 10 502 0.711658 0.562709 -0.299666
14890 35 1796 0.665477 0.456816 1.607231
14890 45 2286 0.174005 1.448851 -2.349109
14890 87 4376 0.303478 1.564815 -0.411601
14890 97 4895 0.489413 0.782661 -0.699747
14890 105 5300 0.139508 1.650838 -0.815467
14890 121 6089 1.006585 0.362832 1.458558
14890 123 6172 0.531039 0.818335 -2.581921
14890 123 6193 0.629335 0.669174 -1.002181
14890 135 6771 0.295045 0.293662 0.231573
14257 35 1762 0.768383 0.383143 1.445940
14257 43 2151 1.108531 0.494169 0.385438
14257 77 3892 0.328273 0.763111 -1.885546
14257 95 4777 0.246273 1.329257 1.831659
14257 128 6423 0.352676 1.344818 -2.696494
14257 158 7912 0.748301 0.614896 -0.176448
14257 158 7917 0.486539 1.102654 0.690902
14257 179 8982 0.246158 0.915265 2.243577
16445 15 753 0.309023 1.170380 -2.549128
16445 15 790 0.262526 0.836582 -0.877628
16445 17 858 0.263912 1.168355 1.702145
14822 6 311 0.210611 2.681812 2.677280
14822 10 519 0.412794 2.676331 -1.014228
14822 12 619 0.230027 1.124929 2.210950
14822 23 1184 0.155157 1.162846 0.743732
14822 29 1492 0.216999 1.970351 -0.751699
14822 35 1786 1.067508 0.182932 0.095053
14822 37 1869 0.585469 1.062644 -0.722224
14822 38 1932 1.120780 0.131720 -2.150091
16212 21 1095 0.823623 0.367129 0.286408
16212 52 2648 0.529286 1.469396 -2.647263
16212 53 2675 0.266760 0.228002 0.412453
14187 5 283 0.292261 1.016252 0.319536
14187 8 413 0.433758 0.551428 -2.851252
14187 8 424 0.495268 0.677584 1.765476
14187 11 567 0.183290 0.628463 -1.403557
14187 17 860 0.327493 0.739613 2.492880
14187 21 1064 0.687040 0.795053 -1.652706
14187 23 1154 0.309755 1.210711 0.615589
14187 23 1161 0.176213 2.668500 2.041318
14187 28 1404 0.374388 1.212074 -0.306870
14187 58 2936 0.265194 3.056825 2.591213
14187 59 2966 0.856988 0.358014 -2.554912
14187 72 3602 0.250893 0.989577 1.155347
14187 75 3751 0.461744 0.530294 1.150774
14187 78 3926 0.299955 0.827087 -0.259235
14187 82 4134 0.505468 1.357389 2.868854
14187 86 4343 0.904801 0.546160 0.314152
14187 94 4727 0.178679 0.642177 -0.613130
14187 95 4762 0.175928 0.128536 -0.940188
14187 97 4884 0.358498 0.408898 -1.797293
14187 97 4896 0.492110 0.883421 -2.899482
14187 101 5071 0.440674 0.230929 -0.387996
14187 109 5462 0.345252 0.201097 0.913498
14187 122 6102 0.257536 0.446800 2.150060
14187 123 6178 0.651947 0.673360 -0.184836
15799 5 271 0.344028 1.122113 2.950237
15799 8 408 0.323551 0.601631 2.510979
15799 33 1680 0.307374 2.022597 0.723633
15799 69 3461 0.488137 0.755397 2.251495
15799 90 4517 0.979760 0.389640 -1.388216
15799 118 5928 0.211272 1.085884 2.081485
15799 120 6007 0.299296 1.809603 1.996618
15799 125 6288 0.426990 1.225608 -0.906118
15799 128 6421 0.323749 0.724465 2.418030
15799 130 6510 0.679416 0.196631 -0.890859
15799 157 7852 0.387147 0.800260 -0.854181
15799 157 7895 0.391970 1.753761 2.860046
15799 171 8554 0.244304 2.458027 0.348721
15799 184 9214 0.311959 1.450387 -2.583213
15799 187 9368 0.894089 0.167861 0.922230
15799 194 9712 0.352389 1.429764 1.895856
15799 196 9847 0.398163 1.452433 1.172105
15799 205 10257 0.318522 0.517086 -1.658818
15799 249 12492 0.226374 0.613441 -2.244653
15799 266 13310 0.333180 0.708067 -1.726153
15799 271 13588 0.280733 2.036824 -2.352696
15799 276 13814 0.333384 0.579433 1.339851
14955 1 81 0.307827 1.267748 0.598514
14955 3 159 0.592297 0.944943 -0.259486
14955 56 2808 0.587599 0.563840 -1.001088
14955 65 3267 0.169941 2.552376 -0.290060
14955 96 4811 0.302038 1.160996 -2.636835
14955 103 5197 0.330335 0.615245 2.450338
14955 122 6138 0.261145 1.541465 1.803081
14955 124 6205 0.350286 1.384292 2.262132
14955 134 6723 0.901948 0.536271 -1.425563
14955 140 7036 0.409963 1.335916 -1.405731
14955 153 7664 0.227426 1.995033 2.510877
15288 2 134 0.535251 0.493003 2.213292
15288 3 181 0.543376 0.590239 3.103266
15288 10 510 1.271334 0.345237 -1.616487
15288 13 660 0.368382 0.378574 -1.587848
15288 16 832 0.513499 1.073572 -2.989217
15160 70 3534 1.046285 0.148688 -2.338678
15160 107 5398 0.990156 0.191950 1.131528
15160 114 5715 0.381625 0.325596 -2.308903
15160 114 5726 0.756190 0.362711 1.615299
15160 136 6835 0.383249 0.773831 -0.417504
15160 153 7651 0.395554 0.544009 -2.062029
15160 156 7811 1.175125 0.072596 2.081422
15160 257 12865 0.206521 0.321981 1.123678
15160 302 15124 0.179207 1.217478 2.243838
15160 306 15328 0.209129 2.108413 -0.064287
15160 314 15738 0.197496 2.015079 -0.690377
15160 342 17118 0.210086 0.977601 0.714724
15160 362 18134 0.266350 2.267373 -2.424642
16231 6 310 0.299745 1.227351 -2.536472
16231 53 2659 0.407396 0.679558 2.826230
16231 59 2966 0.236741 2.043669 2.565210
16231 79 3972 0.422152 1.770607 2.894877
16231 80 4046 0.240526 0.729597 -2.447457
16231 130 6522 0.725115 0.458227 -3.094008
14185 1 60 0.399530 1.018664 2.632052
14185 4 244 0.708281 0.461970 -1.760811
14185 8 429 0.336729 0.437783 0.549294
14185 26 1310 0.271868 0.659679 1.907604
14185 36 1820 0.231154 2.587352 0.743674
14185 36 1850 0.216238 0.611623 -0.179897
14185 37 1869 0.448905 1.169158 0.858070
14886 8 438 1.199773 0.332511 2.836329
14886 30 1515 0.361732 1.011045 0.321327
14886 35 1757 0.618177 0.671269 -2.690425
14886 49 2477 0.218548 1.527448 -2.610954
14886 50 2516 0.246166 0.909645 0.673221
14886 70 3543 0.577538 1.140225 1.234260
14886 75 3764 0.311041 0.505771 2.225739
14886 77 3877 0.256602 2.111361 2.768560
14886 77 3878 0.447289 0.662186 -3.067506
14886 82 4108 0.238029 2.374290 2.419454
14886 82 4113 0.428234 2.808592 -1.666687
14886 82 4127 0.595200 1.229106 -2.601824
14886 84 4233 0.411066 1.239257 0.801731
14886 90 4546 0.635940 0.386669 2.328223
14886 99 4978 0.533340 0.995509 0.344698
14886 106 5327 0.157068 2.473827 -2.256863
14886 116 5815 0.204370 1.610968 -0.333734
14886 126 6321 0.380550 0.929301 1.885134
14886 146 7340 0.704346 2.445228 2.614228
14886 154 7748 0.297498 0.507289 2.046748
14886 158 7934 0.222808 1.052866 -0.803257
14886 158 7950 0.399916 0.654654 -1.891703
14886 173 8694 0.220027 1.168891 -2.604609
16047 20 1036 0.569231 0.818094 2.458235
16047 25 1261 0.179439 0.898287 0.575916
16047 28 1418 0.331647 0.219971 -3.134634
16047 53 2652 0.881994 0.511135 -1.393660
14136 70 3513 0.508273 0.590204 -2.172810
14712 52 2640 1.035760 0.446236 -1.371742
14712 85 4254 0.264643 2.435678 -0.028075
14712 86 4310 0.678451 0.514528 -1.806026
14712 104 5203 0.290577 0.728175 -2.719874
14712 142 7101 0.133612 2.060543 1.246293
14712 183 9157 0.256906 0.845027 2.282672
14712 183 9182 0.245999 0.330242 0.164978
14712 233 11651 0.225695 2.208385 -0.301999
14981 2 127 0.266743 2.278178 0.812203
14981 3 198 0.654605 0.392824 1.807668
14981 5 285 0.301493 0.829801 2.305220
14981 20 1049 0.533239 1.219565 2.284129
14981 29 1458 0.217164 0.324860 -2.644198
14981 29 1473 0.473664 1.146602 -2.740806
14981 29 1488 0.443668 0.616097 -0.162325
14981 33 1690 0.283403 1.083196 1.658979
14981 34 1722 0.654436 0.493156 2.057491
14981 34 1748 0.230772 1.429827 2.753019
14981 36 1828 0.725611 0.544750 2.228002
14981 46 2311 0.267961 0.390201 -2.292458
14981 71 3562 0.434145 1.507216 -0.663098
14981 75 3766 0.211456 0.324672 -1.867314
14981 75 3768 0.501325 0.254078 -3.015321
14981 75 3790 0.458131 0.917897 -1.296303
14981 76 3807 0.301202 1.331709 -2.655887
14981 81 4093 0.875134 0.623477 0.079887
14981 99 4977 0.511726 0.886082 -2.827933
14981 102 5109 0.193789 0.495598 0.891926
14981 162 8103 0.275716 0.757547 1.118872
14981 189 9482 0.158906 1.472095 -2.568407
14981 189 9491 0.350438 1.192610 0.792904
14981 200 10041 0.742493 0.587840 -0.854160
14981 204 10244 0.197254 2.184327 1.559944
17139 8 425 0.480807 0.847864 0.268524
17139 8 427 0.433141 0.731043 2.744853
17139 97 4856 1.673784 0.116540 1.006249
17139 102 5133 0.174838 0.850208 -0.029525
17139 110 5542 0.302639 0.608786 -0.146451
17139 208 10421 0.479995 0.386056 0.185092
17139 263 13169 0.231967 0.834811 1.135967
17139 270 13514 0.341824 0.535765 -3.086791
17139 316 15819 0.286393 0.968150 -0.032719
16122 31 1569 0.651953 0.396277 1.690383
16122 31 1572 0.607782 2.982567 2.884590
16122 31 1595 0.194331 2.297314 2.612431
16122 35 1760 0.267555 0.504930 -0.845333
16122 53 2666 0.566043 0.381196 -0.223227
16122 60 3002 0.747512 0.472676 -1.958406
16122 147 7373 1.089412 0.429177 0.295222
16122 150 7549 0.296856 0.560707 -1.918416
16122 194 9710 0.561440 0.617127 -1.287708
16122 221 11059 0.148404 1.268739 -2.718268
16122 233 11690 0.219202 0.989692 2.219730
16122 271 13575 0.529474 0.149180 -0.231981
16122 383 19199 0.682719 0.545429 -1.054724
16122 389 19481 0.925146 0.341873 2.074034
16122 456 22813 0.276837 0.652500 -2.948941
16122 498 24917 0.231351 1.589230 -2.279360
16122 500 25016 0.365309 1.412049 0.781616
16453 15 754 0.299783 0.774642 -2.046876
16453 50 2504 0.971469 0.708143 2.528894
16453 87 4387 0.378952 0.852347 -0.735120
16453 193 9653 0.371228 1.773208 0.509940
16453 340 17018 0.269126 0.876133 -2.473403
17497 50 2514 0.458267 0.374128 1.515699
17497 50 2515 0.190772 0.919627 0.696343
17497 55 2753 0.525522 0.469475 0.836156
17497 56 2839 0.897862 0.192378 -2.875044
17497 63 3154 0.604648 1.211117 0.748229
17497 63 3191 0.145519 0.809996 -2.556468
17497 66 3318 0.678431 1.304349 -2.815913
17497 73 3696 0.282638 0.432027 2.408386
17497 88 4416 0.174451 0.916939 2.262420
17497 118 5921 0.349813 1.154384 1.514356
17497 125 6253 0.391901 0.897245 -0.590252
17497 131 6584 0.238062 0.410228 -2.685793
17497 139 6997 0.707991 0.624281 -3.139008
17497 149 7476 0.485974 0.496277 -2.873003
17497 171 8571 0.395177 0.768374 1.808458
17497 174 8714 0.392541 0.470578 0.260084
17497 174 8719 0.479858 1.052207 -0.128406
17497 176 8850 0.384650 0.904945 2.709508
17497 180 9001 0.335537 0.727615 3.111287
17497 180 9040 0.290921 2.507195 -0.788475
17497 189 9480 0.243328 1.864750 -2.373607
17497 190 9549 0.308588 1.687270 1.110069
17497 219 10961 0.357831 0.935540 2.145667
17497 219 10988 0.200379 0.895105 2.030557
14890 9 472 0.674836 0.667945 2.766896
14890 14 736 0.268273 0.911449 -3.078017
14890 19 968 0.453486 0.720639 -2.971472
14890 23 1166 0.343727 1.672411 2.669958
14890 27 1351 0.202465 1.366992 1.644770
14890 28 1448 0.556460 0.600891 2.517992
14890 41 2100 0.210624 0.544483 -0.891151
14890 46 2330 0.289179 1.891257 1.965574
14890 69 3474 0.180377 0.674961 0.403351
14890 74 3730 0.703852 0.622376 -3.048192
14890 80 4021 0.258990 0.726735 2.114744
14890 82 4147 0.301976 1.530013 1.395150
14890 85 4298 0.325402 0.496958 -2.769310
14890 93 4660 0.169929 1.133072 -3.037460
14890 93 4661 0.507348 0.116131 -0.689899
14890 102 5111 0.711801 0.536907 2.049861
14890 102 5120 0.582289 0.719422 0.209705
14890 134 6703 0.416174 0.700297 -1.589218
14890 136 6845 0.391352 0.676435 -1.212235
14263 0 10 0.436910 0.837299 0.818522
14263 23 1171 0.547743 0.685896 1.542193
14263 23 1198 0.352816 0.315603 1.599559
14263 55 2786 0.237737 0.915636 -1.169620
14263 70 3529 1.069018 0.432754 -0.349972
14263 119 5984 0.280212 0.947855 -1.418157
14263 142 7141 0.594303 0.745631 2.561562
14263 168 8437 0.700262 1.510762 2.768057
14263 175 8778 0.538391 0.804221 1.244383
14263 198 9937 0.286936 1.188569 -0.669557
14263 235 11752 0.962210 0.122958 -2.922883
14263 244 12218 0.318140 1.290974 2.279424
14263 254 12709 0.866569 0.413753 0.188795
14263 254 12730 0.320961 0.764675 -2.649830
14263 281 14071 0.420705 2.952289 0.823394
14263 281 14096 0.490560 0.946713 2.832694
14263 290 14516 0.246002 1.894084 1.108232
14263 290 14549 0.956818 2.876298 0.799267
14263 295 14778 0.923971 0.598289 -2.437922
14263 295 14780 0.279275 1.156495 0.413181
17524 16 818 0.871115 0.684446 0.789118
17524 33 1665 0.156606 1.461172 2.476275
17524 34 1739 0.360347 0.161162 2.215072
17524 34 1750 0.334294 1.344004 0.024941
17524 66 3302 0.719808 0.855847 -2.435421
17524 67 3387 0.668924 0.280238 -2.556473
17524 73 3653 0.415576 0.654649 1.418913
17524 106 5310 0.577781 0.663415 -3.030619
17524 116 5806 0.641151 0.719775 -2.274564
17524 127 6356 0.432955 0.403888 0.471765
17524 147 7394 0.390178 0.374761 0.596413
17524 157 7860 0.369137 0.651993 2.207453
17524 161 8055 0.231186 1.041607 0.893514
17524 183 9169 0.417652 1.396236 -1.891185
17524 244 12224 0.533797 0.438723 -3.058123
17524 284 14245 0.300163 0.592572 -0.464888
17524 294 14733 0.472293 0.903378 -1.568902
16040 36 1845 0.384233 1.713924 -2.857918
16040 38 1932 0.420479 0.730500 1.527377
16040 39 1954 0.726104 0.775585 0.467673
16040 45 2255 0.240106 2.063187 -1.736680
16040 56 2828 0.644693 0.741362 -2.647185
16453 26 1322 0.338776 0.505317 0.787000
16453 31 1572 0.268262 0.820064 2.827284
16453 33 1677 0.443888 0.978415 -1.531878
16453 36 1834 0.368087 0.950310 2.773066
16453 65 3276 0.498773 0.985997 1.298534
16453 86 4320 0.248806 1.204115 2.107102
16453 93 4659 0.451862 0.682292 0.621774
16453 93 4681 0.511649 1.165697 -0.207086
16453 98 4936 0.265305 1.663213 -2.991118
16453 99 4993 0.113319 2.532561 -1.209601
16453 118 5926 0.515062 0.154356 -0.546522
16453 141 7057 0.502603 0.320289 -2.986957
16453 155 7751 0.364291 2.791178 0.928198
16453 155 7777 0.865850 0.518878 -0.118551
16453 163 8178 0.301790 1.461693 2.375072
16453 189 9497 0.290824 0.762547 1.938158
16453 204 10230 0.337226 0.514380 2.365893
16453 214 10733 0.323189 1.159351 1.008588
16453 301 15066 0.854371 0.275376 -2.390951
16453 319 15986 0.419612 0.708580 -0.233411
16453 342 17150 0.297435 0.987707 2.537848
16453 352 17640 0.433614 1.146193 -0.193498
16453 363 18161 0.939057 0.301737 2.960876
16453 363 18177 0.212743 0.376157 1.344164
16453 363 18193 1.237175 0.171930 -0.169717
14187 2 128 0.296866 1.254831 -1.409854
14187 22 1112 0.638970 0.409018 -0.413485
14187 22 1122 0.122243 2.721624 -0.445119
14187 26 1301 0.774491 0.847742 -2.615065
14187 27 1376 0.291959 0.692881 -2.186692
14187 27 1382 0.409554 1.213899 -3.090631
14187 32 1606 0.425124 1.318369 2.730559
14187 42 2114 0.952829 0.327172 -0.225197
14187 47 2396 0.309253 1.380190 1.359973
14187 62 3130 0.415933 1.289578 -0.916118
14187 68 3404 0.721287 0.625356 -1.459889
14187 88 4443 0.467799 0.755873 1.144851
17440 158 7913 0.390908 0.381351 -1.842196
14263 28 1403 0.371144 1.138441 -3.065332
14263 45 2268 0.514097 0.534928 1.603593
14263 88 4401 0.422432 0.683759 -2.137127
14263 111 5553 0.419479 0.418250 1.735103
14263 123 6195 1.181002 0.203263 0.452830
14263 178 8941 0.234776 1.289547 1.050983
14263 209 10457 0.448055 0.276333 -1.318330
14263 242 12115 0.191401 0.568331 -2.165624
14263 275 13773 0.189431 2.644853 -2.290048
14263 289 14484 0.471632 0.385251 -1.753557
14263 293 14668 0.149393 0.442371 0.016664
14263 293 14693 0.225203 1.940357 -2.693493
14886 1 77 0.329063 0.867192 -2.583579
14886 113 5668 0.361213 0.686333 1.227899
14886 113 5685 0.297161 0.371136 2.335190
14886 142 7150 0.164346 1.355389 1.715819
16555 5 274 0.446944 0.587155 2.526200
16555 41 2052 0.367488 0.894339 2.545267
16555 47 2357 0.249335 0.841616 -2.245842
16555 47 2397 0.248962 0.504113 1.265569
16555 62 3106 0.320122 0.856826 2.700298
16555 80 4002 0.575621 0.614037 -0.196097
16555 98 4912 0.546172 0.293370 0.969769
16555 108 5427 0.821028 0.379600 2.465584
16555 181 9059 0.275825 2.098844 -2.717333
16814 38 1906 0.746312 1.119007 0.591733
14712 0 22 0.806900 0.593138 0.116891
14712 0 26 0.232766 0.588608 -2.472948
14712 0 28 0.217663 1.400541 1.958893
14712 32 1602 0.230884 1.035396 0.989427
14712 38 1940 0.768366 0.261132 -0.903274
14712 47 2354 0.237931 0.788418 -1.531522
14712 47 2393 0.322537 0.857016 -0.116608
14712 49 2491 0.253810 0.312165 -2.289659
14712 50 2523 0.405393 0.304099 -2.630322
14712 65 3271 0.531517 0.414032 2.180324
14712 65 3272 0.312969 0.405297 3.102088
14712 69 3489 0.605774 0.940595 1.661116
14712 92 4607 0.220288 1.949307 -2.077984
14712 96 4805 0.533691 1.348259 1.260954
14712 109 5454 1.062515 0.653695 0.526019
14712 116 5837 0.350468 1.432231 1.053077
14712 121 6052 0.314977 1.296111 0.084801
14712 132 6622 0.515709 0.588724 -1.164038
14712 132 6632 0.449278 0.893583 0.366567
14712 153 7664 0.230416 0.310740 -0.242092
14712 154 7744 0.927383 0.322609 1.211338
14712 156 7848 0.196291 0.331592 2.279182
14712 159 7963 0.291008 1.056055 -2.112712
14712 161 8069 0.406136 0.716660 -1.768023
14712 161 8072 0.515300 0.839069 1.985427
14712 163 8165 0.568564 0.742459 -0.218551
14712 199 9968 0.779235 0.554897 -2.211934
14712 214 10716 0.462856 2.226837 -1.538248
14712 222 11126 0.579651 0.765250 1.017740
14712 237 11864 0.269256 1.233247 0.969255
14712 246 12320 0.955400 0.493587 2.446675
14770 28 1439 0.370474 1.108181 -2.906531
14770 55 2760 0.306659 1.502169 1.728264
14770 66 3331 0.380584 0.971986 -1.851719
14770 90 4525 0.127896 2.468435 1.098724
14770 121 6077 0.487055 0.746333 -2.953021
14770 122 6131 0.615099 1.017552 2.482183
14770 136 6850 0.276746 1.317801 -0.608598
14770 138 6908 0.486336 0.725166 -2.689287
14770 173 8683 0.134741 1.264520 -0.922949
14770 225 11277 0.315498 1.040294 2.907891
14770 229 11458 0.284900 0.801229 0.972151
14770 253 12656 0.309934 0.797326 -1.338753
14770 255 12753 0.304899 1.214911 0.847935
17144 49 2487 0.206841 2.895958 -0.733505
17144 65 3274 0.283641 0.500606 2.578775
17144 65 3278 0.288107 0.707661 1.782143
17144 65 3293 0.376991 0.725592 -2.155017
17144 81 4064 0.318984 0.345211 0.869416
17144 81 4091 0.341927 0.703942 -0.628742
17144 105 5294 0.866573 0.641492 2.171438
17144 130 6515 0.270077 0.486969 0.740789
17144 165 8296 0.377707 1.587521 -0.287388
15222 181 9080 0.640112 0.854655 1.938777
15222 187 9396 0.504158 0.196139 2.790694
15222 195 9767 0.344570 1.184165 1.918384
15222 198 9911 0.238472 0.256310 1.372993
15222 198 9940 0.267747 1.158312 -2.577498
15222 218 10914 0.234164 1.135587 -0.719145
15222 218 10928 0.474684 0.378008 1.021931
15222 222 11121 0.478080 0.339132 -3.005196
15222 222 11133 0.407928 0.857732 1.384843
15222 228 11439 0.199234 1.950258 -2.596838
15222 236 11830 0.440687 0.945996 -0.020813
14257 29 1478 0.550157 0.507339 -2.257442
14257 66 3316 0.322506 0.691113 -1.082049
14257 73 3666 0.370215 2.235652 2.119986
14257 82 4135 0.186174 0.674495 -1.204619
14257 92 4629 0.348616 1.518099 0.591492
14257 111 5578 1.268727 0.112821 -0.007692
14257 119 5953 0.244861 1.291357 1.857281
14257 126 6306 0.338241 1.244602 2.753673
14257 132 6623 0.204257 2.166296 0.246902
14257 136 6850 0.178942 0.631372 -2.838413
14257 138 6916 0.300935 0.910978 2.522074
14257 147 7400 0.461159 1.227481 0.435415
14257 166 8308 0.351504 1.526592 2.523009
14257 175 8755 0.191111 0.451771 -2.563425
14257 176 8835 0.421907 0.781584 -1.021192
15093 15 787 0.236577 0.632725 2.081219
15093 30 1526 0.660409 0.961317 0.136105
15093 40 2012 0.433742 0.849376 1.206760
15093 41 2052 0.607719 0.588099 -0.387552
15093 41 2094 0.169694 1.839011 0.460818
15093 54 2725 0.375561 1.572566 1.027346
15093 63 3160 0.207272 1.864680 -2.680913
15093 68 3407 0.284643 1.107849 -2.715971
15093 68 3440 0.337183 1.382026 2.625153
15093 69 3453 0.128529 0.559853 -3.043964
15093 69 3472 0.372275 1.199762 0.906245
15093 86 4330 0.207336 2.033202 -2.797428
15093 93 4669 0.514158 0.861453 -0.742520
15093 94 4710 0.607433 0.667077 2.851755
15093 103 5187 0.478286 0.620200 0.830757
15093 105 5263 0.160631 0.392722 1.756588
15093 111 5564 0.321176 1.484201 -2.443002
15093 111 5567 1.033284 0.375214 -0.813075
14733 1 84 0.723413 0.287262 -1.125304
14733 4 211 1.090935 0.159206 -1.394326
14733 7 399 0.676665 1.462062 0.563375
14733 12 643 0.251127 0.915062 0.703811
14733 14 745 1.328789 0.291944 2.728915
14733 21 1078 0.448745 1.189583 0.066215
14733 29 1499 0.451341 0.518290 -0.105104
14733 36 1839 1.194323 0.211892 -2.919597
14733 38 1928 0.379110 1.618666 2.446721
14733 47 2400 0.385386 0.880833 -2.575735
14733 51 2576 0.610276 0.164974 -2.347769
14733 73 3663 0.494250 0.991504 -2.053504
15550 0 33 0.318144 0.603446 2.643884
15550 0 34 0.146401 2.489193 -2.380270
15550 16 829 0.312404 1.242223 -2.846236
15550 16 842 0.721583 0.525949 -2.407011
15093 27 1351 0.720415 1.233506 0.751619
15093 39 1980 0.698624 0.745792 2.869098
15093 44 2229 0.357327 0.165828 -3.008432
15093 53 2690 0.201693 0.702390 -1.884736
15093 67 3356 0.593099 2.727368 0.884521
15093 67 3391 0.186000 2.307359 -2.261841
15093 107 5370 0.461214 0.724907 -0.579303
14587 5 284 0.248540 1.362571 -0.552676
14587 20 1035 0.260632 0.712423 2.716983
14587 25 1294 0.361177 1.021507 -1.785529
14587 50 2537 0.426466 0.712486 2.231828
14587 68 3406 0.572943 0.715585 -2.449234
14335 138 6905 0.197510 0.844801 1.403398
14335 178 8935 0.501477 1.576045 2.629111
16944 135 6760 0.455282 0.424978 1.059257
16944 174 8730 0.465288 1.000790 -0.978446
16944 179 8994 0.504705 1.251363 -0.691240
16944 222 11113 1.132119 0.204842 -0.237392
16944 222 11149 0.607304 0.886755 1.812817
16944 238 11923 0.513703 0.830152 -2.719529
16944 274 13748 0.272185 1.686986 -2.758900
16944 290 14510 0.736727 0.752395 -0.947339
17467 109 5462 0.309768 1.145892 2.750775
14453 133 6667 0.580409 1.370858 2.502535
14453 152 7647 0.297937 0.272759 1.284841
15160 57 2866 0.290679 1.244948 2.105743
15160 107 5398 0.990156 0.191950 1.131528
15160 114 5715 0.381625 0.325596 -2.308903
15160 114 5726 0.756190 0.362711 1.615299
15160 136 6835 0.383249 0.773831 -0.417504
15160 156 7811 1.175125 0.072596 2.081422
15160 177 8878 0.623999 1.203149 1.035913
15160 203 10155 1.398279 0.171192 0.205779
15160 234 11713 0.562041 0.878401 -0.880478
15160 273 13664 0.723758 0.201054 -2.669419
15160 274 13719 0.119120 0.534404 1.379764
15160 277 13853 0.246318 2.429236 0.477724
15160 314 15738 0.197496 2.015079 -0.690377
15160 320 16016 0.667997 0.227502 -2.069957
15160 320 16040 0.464624 0.737545 1.174757
15160 328 16416 0.358660 1.182970 2.008138
15160 338 16918 0.270897 0.402046 1.600241
15160 339 16980 0.227600 0.974208 -2.539869
15160 342 17118 0.210086 0.977601 0.714724
14257 10 549 0.913988 0.395764 2.488592
14257 22 1148 0.320701 1.051629 1.568459
14257 23 1182 0.712683 0.645905 1.828078
14257 27 1359 0.368711 1.266468 1.320710
14257 71 3558 0.520625 0.570885 0.029992
14257 89 4454 0.297600 0.360938 2.117925
14257 105 5265 0.330529 1.843262 -0.962285
14257 137 6868 0.247279 1.654796 -2.679835
14257 157 7893 0.311126 0.660094 -2.539060
14257 157 7895 0.223524 2.319575 -0.703608
14257 164 8241 0.290706 1.043751 1.170989
14257 187 9360 0.192712 0.976190 -2.411997
14257 187 9370 0.957215 0.435810 -1.407261
14257 201 10079 0.498626 1.459328 -3.043221
14257 220 11025 0.380867 0.525870 0.236419
14263 4 206 0.289043 0.452330 -2.400145
14263 40 2039 0.339285 0.684644 -2.091684
14263 41 2061 0.288189 0.326417 -0.228739
14263 81 4064 0.306507 0.900507 1.629147
14263 82 4104 0.445684 0.820114 -1.134066
14263 82 4128 0.280006 0.698069 2.338778
14263 82 4137 0.135992 2.446399 2.698117
14263 104 5210 0.472120 0.311377 -1.923516
14263 118 5935 0.385454 1.012288 1.115066
14263 118 5948 0.305541 1.356949 -1.916411
14263 126 6344 0.184585 2.013191 -0.500769
14263 135 6775 0.323525 1.560420 0.983928
14263 136 6810 0.746675 0.422430 -2.339943
14263 143 7185 0.570657 1.116655 1.240436
14263 161 8070 0.620125 0.864379 0.828707
14263 166 8344 0.155065 1.079944 1.249466
14263 171 8552 0.367946 1.221149 1.076538
14263 176 8831 0.470316 0.990550 1.770113
14263 184 9216 0.573524 0.224710 1.201945
14263 231 11559 0.635044 0.741358 2.595408
14263 232 11618 0.207819 0.543849 -1.851995
14263 257 12884 0.635118 0.565393 -1.121150
14263 279 13991 0.495898 1.324982 -0.903642
14263 287 14375 0.406018 0.876194 1.822003
14263 298 14919 0.491810 0.525615 -2.311062
14263 305 15295 0.407839 0.144388 -0.773794
14263 310 15538 0.487941 1.217679 -0.265746
14263 314 15721 0.248327 1.904310 -0.536658
16793 0 22 0.417783 1.077524 0.510611
16793 24 1243 0.402156 0.791795 -2.961130
16793 27 1363 0.569531 0.764593 0.405680
16793 31 1552 0.332511 0.814366 -0.184216
16793 32 1606 0.395534 0.486829 -0.699578
16793 50 2507 0.480098 0.543657 2.312587
16793 62 3103 0.315421 0.230310 0.099240
16258 64 3212 0.716186 0.767804 0.816667
15160 40 2039 0.543950 2.422574 -0.832766
15160 59 2951 0.431311 0.369664 -2.205576
15160 65 3258 0.573187 1.157907 3.124221
15160 74 3732 0.401723 0.785983 -0.012590
15160 78 3920 0.322102 0.869044 -1.367533
15160 89 4466 0.334471 1.868334 2.470193
15160 99 4971 0.225761 1.881431 -2.957590
15160 153 7651 0.395554 0.544009 -2.062029
15160 155 7758 0.411359 1.520177 1.504424
15160 182 9137 0.366369 1.209862 -0.510999
15160 186 9333 0.406975 0.370902 -0.040675
15160 195 9780 0.355192 0.900775 0.113092
15160 195 9788 0.510523 0.750015 2.841478
15160 202 10111 0.382822 1.366124 2.547834
15160 215 10757 0.519433 0.961571 -0.259028
15160 219 10987 0.111369 0.459442 -2.940630
15160 254 12711 0.334174 0.356221 -2.800999
15160 257 12865 0.206521 0.321981 1.123678
15160 287 14361 0.330018 0.321379 0.830759
15160 288 14428 0.218028 0.338608 2.626543
15160 308 15442 0.573966 0.482402 0.403042
15160 332 16633 0.113200 0.641398 -1.491910
15160 362 18134 0.266350 2.267373 -2.424642
15160 385 19298 0.180484 0.042778 0.190433
15160 400 20023 0.363679 0.318856 -0.693283
17224 1 100 0.227969 2.125905 2.683405
17224 2 102 1.006187 0.291972 -0.745559
17224 5 294 0.352976 0.865165 2.546016
17224 17 874 0.699911 0.399698 2.622592
17224 19 989 0.318528 0.253605 1.417331
17224 24 1204 0.524098 0.633539 -0.125758
17224 26 1329 0.833630 0.150141 3.020414
17224 28 1448 0.367921 0.984946 0.086043
17224 40 2045 0.325855 1.264932 1.278731
15160 76 3816 0.305816 1.258813 1.100895
15160 251 12579 0.522076 0.988374 -0.454335
15160 252 12647 0.332669 0.533005 -0.073159
15160 297 14876 0.434483 1.038217 0.218519
15160 334 16731 0.136391 2.044657 0.900994
14955 0 13 0.369087 0.345612 -1.031668
14955 90 4508 0.457955 1.006465 1.609710
14955 104 5213 0.392168 0.284037 -1.052494
14955 110 5546 0.651822 0.465632 2.202771
14955 129 6500 0.864976 0.479519 -0.194464
14955 155 7793 0.117141 1.407349 2.673274
14822 5 292 0.150757 0.546419 1.412247
14822 17 900 0.617163 0.432242 3.128698
14822 24 1232 0.444584 1.041800 1.589745
14822 28 1403 0.942779 0.219604 -2.937572
14822 32 1601 0.443178 0.350913 1.393789
14822 32 1613 0.426991 0.129915 -1.935347
14822 36 1811 0.240780 0.785533 0.884992
14822 36 1838 0.507004 0.655745 0.177384
14822 46 2330 0.416361 1.634254 1.136942
14822 49 2459 0.363838 1.112199 1.212960
14822 57 2851 0.736373 0.637966 -0.823842
14335 24 1218 0.543588 1.048751 1.189164
14335 24 1234 0.209129 2.055762 -1.058327
14335 62 3134 0.309875 0.733015 2.078651
14335 78 3918 0.114759 1.164102 -0.701313
14335 103 5159 0.267884 0.532515 -0.644376
14335 116 5801 0.286038 0.290122 0.157471
14335 116 5831 0.272292 0.909355 2.139341
14335 125 6284 0.568699 0.896289 1.722013
14335 138 6905 0.197510 0.844801 1.403398
14335 147 7372 0.403201 0.493965 0.228307
14335 147 7396 0.258250 0.459558 0.686701
14335 166 8337 0.701963 1.083956 0.289656
14335 181 9100 0.270220 2.354459 1.465227
14335 194 9746 0.198936 0.929683 -0.334679
14335 238 11908 0.552466 0.671663 -2.360642
16204 4 207 0.989570 0.381446 -0.275304
16204 54 2723 0.152644 1.053806 2.353109
15017 14 714 0.119454 1.353137 0.895248
15017 15 751 0.746175 0.261570 -0.573264
15017 44 2201 0.537584 0.615211 0.956935
15017 77 3900 0.462683 0.417754 1.145920
15017 98 4947 0.225279 0.654024 -2.512983
15017 110 5537 0.903207 0.612631 -0.021973
15017 133 6660 0.371089 1.193822 -2.321459
15017 152 7620 0.652983 0.900344 -0.199346
15017 152 7634 0.705839 0.605400 2.178886
15017 159 7976 0.215353 2.518476 -2.709136
15017 162 8101 0.728290 0.997121 -0.548171
15017 170 8536 0.504406 0.854468 -2.263316
15017 180 9007 1.168655 0.244107 -0.421121
15017 192 9645 0.486515 0.614339 1.791211
15017 200 10027 0.494597 0.561296 -2.256582
14890 2 106 0.268207 2.315238 -2.758331
14890 6 345 0.287288 1.835346 2.672007
14890 9 472 0.674836 0.667945 2.766896
14890 14 736 0.268273 0.911449 -3.078017
14890 23 1166 0.343727 1.672411 2.669958
14890 27 1351 0.202465 1.366992 1.644770
14890 35 1796 0.665477 0.456816 1.607231
14890 46 2330 0.289179 1.891257 1.965574
14890 69 3474 0.180377 0.674961 0.403351
14890 80 4021 0.258990 0.726735 2.114744
14890 85 4298 0.325402 0.496958 -2.769310
14890 105 5300 0.139508 1.650838 -0.815467
14890 121 6089 1.006585 0.362832 1.458558
14890 123 6172 0.531039 0.818335 -2.581921
14890 123 6193 0.629335 0.669174 -1.002181
14890 134 6703 0.416174 0.700297 -1.589218
14890 135 6771 0.295045 0.293662 0.231573
16944 19 966 0.277480 0.765050 -0.212479
16944 57 2855 0.597339 0.299483 0.620443
16944 111 5578 0.366424 1.016449 2.221426
14216 11 576 0.359210 1.060360 -2.708273
14216 25 1300 0.626884 0.712888 -0.345496
14216 27 1393 0.264827 1.217890 -1.180982
14216 37 1862 0.358104 1.079946 1.221402
14216 39 1954 1.264286 0.036034 -0.399581
14216 44 2207 0.311016 0.587047 -0.984035
14216 44 2225 0.210412 2.292054 1.407484
14216 44 2247 0.323484 1.176175 2.755221
14216 48 2437 0.455291 0.808528 2.266906
14216 53 2657 0.358339 1.691266 2.154304
14216 57 2861 0.389588 0.484686 -0.378244
14216 68 3410 0.469943 0.143965 -0.422053
14216 71 3579 0.301041 0.443073 2.354370
14216 81 4079 0.266024 2.262144 -2.699937
14216 84 4201 0.813093 0.265207 1.275273
14216 87 4367 0.281258 1.326179 1.095234
14216 101 5086 0.425457 1.182122 0.556527
14216 102 5113 0.153311 0.809917 -0.493982
14770 32 1633 0.384859 0.776825 -2.542399
14770 49 2461 0.337343 1.165900 0.984205
14770 52 2611 0.496570 0.782974 2.110831
14770 52 2624 0.499980 0.543550 2.264463
14770 59 2987 0.187740 1.802350 2.628564
14770 63 3185 0.492509 0.621281 2.892539
14770 68 3430 0.612340 0.557246 -1.827897
14770 107 5372 0.438533 0.230521 -2.665342
14770 126 6312 0.277230 0.458361 2.156262
14770 134 6718 0.242535 0.144481 0.467894
14770 134 6732 0.397285 1.433602 1.999007
14770 137 6887 0.553064 0.740177 -1.783126
14770 166 8310 0.213688 2.040618 -0.162325
14770 177 8855 0.409987 0.650699 -2.148321
14770 177 8887 0.322528 2.475294 2.150453
14770 178 8925 0.272152 0.204966 -0.939539
14770 186 9312 0.364022 0.850894 2.740123
14770 211 10556 0.309935 0.642246 2.118656
14770 222 11145 0.405818 1.217254 -1.782516
14770 235 11790 1.213717 0.199851 3.086148
14770 261 13088 0.371117 1.095183 0.504143
14770 262 13145 0.801126 0.375775 1.888877
14770 306 15336 0.256228 0.415371 -1.537666
14981 0 32 0.382065 1.342124 0.308835
14981 30 1535 0.202572 0.973091 2.283593
14981 40 2038 0.500587 1.283796 -0.258508
14981 52 2650 0.180599 0.476022 0.202995
14981 89 4466 0.780222 0.446333 0.594118
14981 106 5334 0.367486 0.374888 -1.868762
14981 133 6675 0.962145 0.129443 -1.891874
14981 134 6707 0.280398 1.087584 1.982234
14981 147 7356 0.183313 1.224928 -3.112287
14981 147 7362 0.509282 1.973033 -1.146002
14981 154 7743 0.457136 0.629785 3.074274
14981 159 7960 0.149717 1.657758 0.771313
14981 171 8600 0.628342 0.586867 -2.950552
14981 178 8948 0.550221 0.209462 0.440903
14981 197 9883 0.251747 2.241132 0.221854
14981 202 10122 0.730958 0.949283 -2.690638
14981 213 10696 0.291870 1.808629 -0.548712
14981 241 12062 0.858318 0.234172 -1.539917
14981 243 12170 0.502549 0.542559 0.128486
14981 245 12299 0.756114 0.297094 2.322123
14981 246 12344 0.508951 1.200715 1.386414
14981 250 12525 0.511898 0.643964 2.330291
14981 250 12543 0.261999 1.110970 -0.585745
15249 3 180 0.285043 0.785858 -3.105527
15249 9 490 0.390783 0.899974 -2.473498
15249 17 878 0.623266 0.653646 2.888799
15249 38 1940 0.285439 0.361143 -2.193007
15249 54 2709 0.296744 1.024712 -2.178674
15249 55 2760 0.206045 0.390051 -2.914602
15249 58 2923 0.577304 0.518817 0.085359
15249 71 3599 0.323659 0.324744 1.038652
15249 78 3950 0.659685 0.380972 -1.126833
15249 86 4313 0.205807 2.401494 1.179853
15249 92 4642 0.715041 0.336474 0.062063
15249 98 4903 0.645779 0.513608 -1.985414
15249 108 5413 0.348627 0.776091 -2.340560
15249 111 5566 0.578412 0.510493 0.332337
15249 111 5581 0.749408 0.367258 -0.831479
15249 117 5863 0.268486 0.649922 -0.973653
15249 132 6634 0.347533 0.710759 2.823300
16683 3 161 0.146909 1.896904 2.392342
16683 29 1467 0.370418 0.576446 2.995619
16683 29 1476 0.259948 1.040616 1.134812
17557 2 101 0.318859 0.650639 -0.899525
17557 8 443 0.377035 0.890383 2.023237
17557 15 795 0.413165 0.279016 -1.019758
17557 32 1634 0.588488 0.235123 -1.142072
17557 36 1842 0.587775 0.452000 2.604723
17557 36 1845 0.385224 1.938147 -0.153904
17557 57 2898 0.170662 0.840804 -2.764026
17557 88 4435 0.811581 0.386282 -1.424012
17557 92 4646 1.082013 0.139352 1.519802
17557 93 4700 0.368321 1.391429 -2.707263
17557 121 6100 0.274215 1.338863 -1.891782
17557 145 7280 0.507856 0.485693 1.479759
17557 150 7549 0.783545 0.551352 1.996757
15017 1 99 0.130034 2.227058 3.002387
15017 21 1054 0.159636 1.458592 -2.775441
15017 36 1850 0.490447 0.573337 3.064556
15017 47 2389 0.371511 0.503263 -1.683992
15017 51 2582 0.239630 3.016088 1.480346
15017 56 2825 0.235297 0.420302 -2.821291
15017 58 2941 0.217772 0.916220 -0.591065
15017 61 3079 0.368769 0.875897 -2.482259
15017 67 3379 1.581149 0.350219 0.927229
15017 118 5947 0.493900 0.851889 -2.705583
15017 179 8960 0.445953 0.676935 2.270812
15017 186 9325 0.157766 1.450704 2.712789
15017 194 9710 0.381636 0.852435 0.993005
15017 194 9728 0.124572 1.839349 -2.217070
16038 12 609 0.276859 0.835946 -2.245407
16038 44 2219 0.635581 0.450815 0.400880
16038 84 4248 0.405062 0.613860 -1.015662
16038 87 4372 0.347469 1.013546 1.133542
16038 91 4573 0.237695 0.476973 -0.663125
16038 104 5234 0.485954 1.607410 0.244512
16038 125 6283 0.669209 0.817747 0.335990
16038 133 6690 0.534198 0.871023 1.868153
16038 144 7206 0.516622 0.482214 -3.100393
16038 156 7850 0.547848 0.385505 1.098637
16038 198 9906 0.399989 0.613010 1.841313
16038 306 15343 0.397365 0.504229 0.282851
16038 316 15838 0.349023 1.146669 0.214390
16038 317 15883 0.470472 0.938893 -0.190244
16038 325 16257 0.407298 0.780150 -0.952350
16038 348 17426 0.522560 0.677554 0.557966
16038 375 18762 0.388674 0.816711 1.770212
16038 379 18962 0.173618 1.889265 1.760426
16038 383 19179 1.017573 0.325315 1.315431
16038 399 19978 0.508740 0.961620 1.792083
16038 399 19980 0.544590 0.727567 2.764891
16038 404 20240 0.230807 2.381926 1.767807
16038 406 20320 0.609345 0.558164 -0.183559
16038 411 20559 0.242996 2.041784 -2.583798
16038 411 20579 0.711353 1.274617 -2.688209
14712 14 740 0.419754 1.526409 1.165119
14712 28 1437 2.270996 0.134630 -3.141166
14712 58 2927 0.234055 0.111686 0.719667
14712 59 2995 0.250725 1.385969 0.916551
14712 62 3113 0.320996 0.652852 -2.061796
14712 73 3695 0.508354 0.226165 0.110825
14712 101 5097 0.291319 0.809311 2.441653
14712 201 10068 0.615625 0.494855 -2.096245
14712 201 10073 0.144175 2.587265 -1.982976
14712 206 10311 0.117199 0.840102 2.825797
14712 207 10373 0.526641 0.710288 1.965364
15832 156 7847 0.196360 0.976260 2.218251
14335 18 919 0.314750 1.444668 1.943248
14335 33 1659 0.458941 0.387227 1.867750
14335 33 1672 0.453512 0.515319 1.752276
14335 34 1730 0.311960 0.628618 -2.978376
14335 56 2832 0.329124 1.131933 0.922669
14335 92 4628 0.823153 0.358862 2.127620
14335 105 5284 0.325035 0.551033 2.020801
14335 112 5642 0.425377 0.559955 0.166520
14335 157 7875 0.597529 1.588864 0.790233
14335 178 8935 0.501477 1.576045 2.629111
14335 184 9209 0.293149 1.563564 2.116230
14335 187 9394 0.544824 0.779962 1.870002
14335 208 10423 0.173264 1.800535 2.636035
17524 8 434 0.236557 0.572419 -0.197626
17524 10 509 0.288299 0.643171 -2.240749
17524 15 789 0.290786 0.935886 -2.318555
17524 44 2220 0.257734 2.832084 0.390544
17524 48 2411 0.626608 0.853624 2.726753
17524 65 3258 0.945047 0.128644 -1.000509
17524 65 3271 0.931673 0.393059 -1.296426
17524 90 4506 0.217008 2.498601 -3.088298
17524 90 4540 0.376273 1.101418 -1.012611
17524 95 4759 0.191244 2.102804 1.306063
17524 95 4777 0.434443 0.673933 2.291466
17524 112 5646 0.227909 1.159755 0.905725
17524 121 6053 0.436160 0.715411 0.915144
17524 195 9799 0.235165 0.733024 -0.203062
17524 228 11442 0.366987 0.733427 2.368505
17524 233 11671 0.256413 1.787141 -0.988404
17524 256 12801 0.739966 0.183685 0.936817
17524 269 13457 0.317055 1.875150 2.649633
17524 271 13569 0.145587 1.375122 -0.206758
17524 272 13630 0.289763 1.304854 1.271414
17524 276 13848 0.474026 1.001910 -2.303551
17524 283 14189 0.459663 0.923642 0.846668
17524 285 14255 0.123306 1.191004 2.387289
17524 289 14465 0.142930 1.393661 -2.414685
17524 293 14663 0.677379 0.682894 -2.930471
17524 293 14679 0.409380 1.263746 0.975395
17524 300 15011 1.325958 0.187501 -0.149863
17524 301 15100 0.490635 0.529397 1.112988
17524 305 15283 0.918514 0.445832 1.102638
17524 306 15335 0.439552 1.301785 1.015081
14343 20 1005 0.526583 0.698460 -2.849623
14343 20 1028 0.234030 0.883861 0.488366
14343 20 1034 0.458785 0.642901 -0.576625
14343 49 2472 0.136927 1.168022 2.352936
14343 51 2561 0.511321 0.634867 -1.781526
14343 166 8338 0.331721 0.043426 0.139113
14343 185 9287 0.663765 0.635896 -0.110472
14343 197 9870 0.635372 0.781661 2.239678
14343 226 11324 0.134899 2.189837 1.607676
14343 240 12009 0.253329 0.664388 -1.901112
14343 252 12644 0.295247 0.489413 -0.482947
14343 282 14122 0.365163 0.271355 -1.126756
15249 15 783 0.401188 0.453289 -2.629981
15249 43 2199 0.326302 2.869567 -2.657117
15249 93 4654 0.544334 0.653811 -0.789239
15249 93 4662 0.340265 0.533152 -2.079370
15249 93 4672 0.332044 1.027416 0.407815
15249 93 4697 0.261731 0.717123 2.573558
15249 142 7111 0.385073 1.474701 -1.957863
15249 144 7205 0.353434 1.941028 -2.287812
16956 3 180 0.526568 0.698790 -0.006725
16956 9 480 0.578372 1.176775 1.342138
17557 66 3320 0.417745 1.356950 0.346575
17557 89 4470 0.252956 0.646264 2.192703
17557 165 8255 0.682267 0.453255 1.005502
17557 165 8290 0.666369 0.635332 -0.351974
16043 7 385 0.442690 0.655263 1.119255
16043 26 1318 0.272432 2.311247 0.573178
16043 32 1639 0.136262 0.651276 2.352848
16043 37 1881 0.561271 0.937227 1.008975
16043 42 2114 0.590978 0.099829 2.263962
16043 42 2131 0.442927 0.112668 2.509139
16043 48 2425 0.160630 0.292739 -2.294857
16043 49 2456 0.363464 0.480546 1.127315
16043 56 2822 0.759485 0.518387 1.047819
16043 63 3173 0.219567 1.093449 2.039576
16043 70 3501 0.296419 0.735122 1.515711
16043 70 3550 0.356151 0.569451 -2.221429
16043 74 3733 0.151962 1.203130 2.366606
16043 76 3841 0.225197 1.027546 1.947029
15017 18 926 0.501360 1.243060 -1.529292
15017 18 933 0.172858 2.330379 -2.332642
15017 53 2672 0.245915 0.697030 -2.701461
15017 96 4808 0.931305 0.388619 -3.075481
15017 96 4810 0.502311 0.485321 -1.597491
15017 101 5100 0.337787 0.388605 -1.026279
15017 109 5455 0.389396 1.053309 1.251015
15017 124 6231 0.313793 1.171012 0.628095
15017 125 6259 0.654542 0.567729 -1.358105
15017 131 6567 0.256518 0.590689 -0.100073
15017 134 6708 0.560572 0.338386 -0.083500
15017 146 7333 0.421810 0.452899 2.827330
15017 153 7696 0.407165 0.951856 -0.643617
15017 155 7791 0.289978 1.203817 -2.096464
15017 183 9183 0.219701 0.990326 1.459361
15017 185 9256 0.648057 1.021083 -1.067406
15017 189 9452 0.332217 2.302085 -0.030295
15017 197 9852 0.346835 0.923415 -1.304151
14981 1 69 0.728181 0.616406 0.557708
14981 23 1159 0.456342 0.269273 -0.523105
14981 27 1388 0.553907 0.661704 2.094695
14981 29 1458 0.217164 0.324860 -2.644198
14981 29 1473 0.473664 1.146602 -2.740806
14981 29 1488 0.443668 0.616097 -0.162325
14981 45 2296 0.238292 1.088724 1.788218
14981 50 2547 0.512762 0.373054 -0.256082
14981 68 3421 0.981982 0.235657 3.067675
14981 68 3425 0.326285 1.621233 0.377783
14981 72 3634 0.478583 1.247954 3.069640
14981 77 3872 0.823005 0.269285 -3.047708
14981 77 3888 0.515301 1.522988 1.218169
14981 79 3996 0.334380 0.435634 -2.939442
14981 82 4116 0.217886 0.706883 0.301503
14981 83 4173 0.216991 0.567236 -2.674275
14981 83 4189 0.488954 0.817719 -0.303275
14981 114 5703 0.389317 0.594361 -0.871133
14981 115 5764 0.154644 0.841151 -0.662552
14981 115 5792 0.221465 2.552308 -2.208436
14981 116 5806 0.186431 1.293548 0.367411
14981 119 5976 0.159264 0.568543 0.031655
14981 149 7479 0.512363 0.767411 1.386625
14981 164 8216 0.258901 0.878909 2.770006
14981 164 8234 0.650054 0.534657 -2.239500
14981 185 9255 0.312231 2.338810 -2.847484
14981 203 10156 0.161913 1.953678 0.181616
14981 209 10483 0.208473 1.102472 -0.443182
14981 211 10559 0.533141 0.575360 2.060189
14981 225 11280 0.280159 0.890647 -0.535112
14981 225 11282 0.623387 0.745005 2.977876
14981 251 12567 0.324664 1.489162 -2.883031
16683 9 475 0.176419 2.444081 2.476994
16683 9 486 0.995415 0.440412 -2.408011
16683 45 2256 0.238288 0.545843 -2.159528
16683 48 2430 0.353848 1.989812 1.082341
14590 39 1963 0.601931 0.461850 -2.247374
14590 51 2589 0.244765 0.761056 2.159676
14590 72 3629 0.306223 0.513821 -2.657361
14590 79 3997 0.349466 2.407982 2.202536
14590 84 4239 1.109415 0.474820 1.001401
14590 116 5832 0.301080 1.131108 2.736944
14590 137 6853 0.221640 2.186699 1.286502
15160 4 228 0.140980 0.840098 3.137341
15160 70 3534 1.046285 0.148688 -2.338678
15160 110 5504 1.074018 0.363454 1.855505
15160 112 5610 1.072405 0.190866 -2.029120
15160 115 5797 0.891285 0.554472 -1.758368
15160 123 6184 0.594118 0.796846 -2.327752
15160 146 7310 0.455702 0.439706 0.847378
15160 151 7590 0.940015 0.578008 1.975332
15160 157 7867 0.287386 1.153622 0.369271
15160 187 9397 0.169619 0.525384 2.161659
15160 214 10707 0.364171 2.095803 0.219923
15160 249 12486 0.252731 1.176143 -2.706534
15160 279 13984 0.548025 0.320158 0.156570
15160 290 14549 0.378098 1.149648 0.521986
15160 299 14976 0.380274 1.363818 1.298434
15160 302 15124 0.179207 1.217478 2.243838
15160 306 15328 0.209129 2.108413 -0.064287
15160 337 16874 0.540843 0.955835 -2.602198
15160 390 19510 0.506113 0.433125 -1.736647
16040 6 311 0.613295 0.850099 1.149880
16040 12 628 0.333591 1.511802 -2.727327
16040 67 3360 0.289535 1.220406 -2.269812
16040 131 6600 0.558495 0.646725 -2.745323
17144 30 1546 0.295824 0.814829 -0.120071
17144 38 1917 0.277303 1.304730 -1.125410
17144 44 2204 0.692142 0.620766 -1.370610
17144 54 2737 0.323670 0.775595 -0.601013
17144 56 2834 0.306665 0.914019 2.740663
17144 69 3454 0.692095 0.840181 -0.152080
17144 69 3458 0.342206 1.751589 1.950755
17144 71 3553 0.200848 0.864782 2.524111
17144 76 3809 0.316112 0.634216 -2.535934
17144 84 4247 0.645748 0.882519 1.432382
17144 86 4302 0.687338 0.529202 0.841875
17144 101 5069 0.405289 0.691117 1.365337
17144 104 5218 0.354572 2.255002 2.007155
17144 104 5249 0.557775 0.752068 -0.696667
17144 123 6170 0.378932 1.114171 0.575654
17144 123 6192 0.272409 0.756189 -0.443363
17144 124 6221 0.456543 0.573165 -2.125650
17144 143 7160 0.297448 1.756831 0.574508
17144 159 7995 0.335678 1.245509 2.373364
17144 162 8146 0.633699 0.369838 -1.571873
17144 170 8512 0.213925 1.357825 -2.764052
17144 177 8892 0.280155 1.128230 0.447098
17144 187 9379 0.465108 0.499897 -1.464911
14770 33 1680 0.223394 0.735946 -2.559869
14770 53 2661 0.646730 0.975603 2.819280
14770 80 4003 0.629727 1.056785 1.340777
14770 80 4005 0.362300 1.476847 0.224654
14770 86 4304 0.639029 0.370724 -2.970392
14770 103 5158 0.478198 0.136387 1.248646
14770 119 5965 0.272897 1.815099 1.266601
14770 142 7123 0.734210 0.382215 1.502318
14770 145 7255 0.821387 0.659434 1.894303
14770 163 8197 0.226675 0.622106 1.570456
14770 167 8392 0.385170 1.134323 -1.332747
14770 192 9617 0.242841 1.593503 2.217522
14770 194 9707 0.230833 2.617620 -2.334067
14770 198 9944 0.366877 0.542842 -1.889254
14770 219 10962 0.546237 1.105648 0.802498
14770 245 12269 0.261073 1.014589 1.093113
14770 280 14028 0.551736 0.318088 -0.444822
14770 304 15209 0.325168 1.228127 2.142899
16946 63 3188 0.275036 0.515176 -0.068591
16946 253 12673 0.288685 0.930916 2.768773
16946 256 12822 0.389802 0.515901 1.691224
14343 16 827 0.292081 1.043135 1.871964
14343 36 1831 0.353309 0.277876 -1.726395
14343 40 2044 0.334103 0.355460 2.545838
14343 53 2687 0.282646 0.613771 0.010486
14343 85 4266 0.248258 0.718833 2.932725
14343 99 4978 0.547769 0.725168 2.554965
14343 103 5162 0.378841 1.030625 -0.748459
14343 223 11168 0.167848 2.304393 -2.208650
14343 244 12216 0.781878 0.438458 -2.915113
14343 245 12259 0.247708 0.375358 -2.278107
14343 250 12539 0.422872 0.218812 3.095709
14343 250 12540 0.748820 0.379550 -1.391523
14343 258 12928 0.253664 1.000820 1.535112
14343 259 12998 0.170385 2.530566 -1.891361
14343 263 13168 1.765594 0.274085 2.343677
14343 304 15231 0.283037 0.667436 0.719651
16038 53 2698 0.496233 0.211527 1.005252
16038 62 3111 0.997659 0.620824 0.040722
16038 62 3119 0.248627 1.100869 0.866621
16038 69 3493 1.031112 0.552529 2.861239
16038 162 8122 0.739642 0.733266 -0.434346
16038 163 8160 0.255725 2.277220 2.002311
16038 166 8319 0.416393 0.283432 -0.233637
16038 196 9805 0.337840 1.047841 2.996897
16038 196 9809 0.725118 0.451465 -0.259922
16038 359 17967 0.372274 0.486467 -0.528773
16038 359 17988 0.770167 0.545282 0.202539
16038 362 18121 0.589297 0.376308 -0.810632
16038 368 18424 0.197875 0.979650 2.109180
16976 148 7441 0.516121 1.062806 2.466417
16122 100 5027 0.346357 0.990271 1.373476
16122 109 5458 0.451940 1.117562 2.689471
16122 139 6978 0.271106 2.123391 -1.720108
16122 225 11280 0.256646 2.533741 1.355083
16122 254 12729 0.437925 0.897537 1.531614
