16356 29 1478 0.513916 1.382242 1.338864
17592 23 1195 0.397499 0.551164 -2.147905
17592 33 1668 0.356422 0.534906 2.083579
15440 22 1130 0.329883 1.353951 1.218763
15439 41 2074 0.320505 2.746259 -1.766969
14912 67 3353 0.474077 0.858131 1.356416
14912 67 3391 0.202577 2.222607 3.089103
17521 63 3182 0.172491 1.477721 -1.890979
14438 45 2273 0.302416 2.496672 -0.972753
14321 5 261 0.462881 2.931059 0.962744
14321 12 625 0.173751 2.631918 2.203237
14321 12 630 0.128823 2.938745 -2.477403
16960 70 3506 1.006381 0.106544 0.316345
15116 247 12386 0.963833 0.168772 -2.857453
17875 28 1418 0.381861 1.133587 1.850415
17132 224 11203 0.639018 0.474352 1.676272
17132 289 14458 0.558379 0.878305 2.045833
17998 94 4701 0.332423 2.878039 -2.288665
14685 10 520 0.600340 0.464163 -1.804742
14900 50 2525 0.163678 2.171949 0.390139
14900 59 2981 0.219044 2.003922 3.098494
14468 50 2522 0.311185 0.735060 1.250360
14468 109 5487 0.283004 2.281561 0.412662
17349 72 3602 2.028322 0.170239 -2.503306
14559 73 3664 0.116942 1.459452 -1.445008
14559 73 3679 0.180346 0.812410 -2.582679
17559 109 5484 0.405030 1.373287 0.898367
17559 111 5556 0.191543 0.744495 2.492597
17559 111 5594 0.111271 2.013042 2.943590
17559 115 5767 0.184230 1.198030 0.681204
16851 220 11034 0.258891 0.896284 0.028616
16504 55 2796 0.213097 2.767146 1.249643
16504 173 8676 0.298006 2.442339 -0.187701
15890 9 496 0.153069 2.781779 -2.684670
14321 100 5014 0.113187 1.286411 2.860948
18011 46 2331 1.382499 0.194652 2.606439
18240 18 926 0.210213 1.451407 1.817610
14939 10 512 0.542313 0.174528 2.241292
14939 115 5776 0.184034 2.821798 -2.007915
18497 89 4468 0.146787 1.388514 2.455745
15863 9 480 0.420597 0.906199 3.019204
15863 75 3755 0.297840 2.507251 -0.262308
15863 75 3778 0.362258 0.555179 1.852041
18049 93 4652 0.402449 1.928344 -3.019151
18049 96 4848 0.294506 1.265030 2.152777
18049 112 5613 0.331074 0.694974 -0.797350
18617 16 828 0.231820 0.118789 1.797006
17495 146 7317 0.554562 0.792634 -0.983063
15456 126 6342 0.355937 0.753251 1.522079
16817 209 10473 0.194739 0.766042 2.251762
16817 213 10678 0.433700 0.533515 -2.419057
14161 65 3254 0.240546 2.997069 -1.460279
15969 241 12100 0.319439 1.704002 1.071029
17978 370 18524 0.269669 2.879066 -1.532571
14882 13 662 0.260989 0.672147 -0.667529
14882 27 1372 0.244572 1.224825 -0.444569
18034 40 2013 0.180735 1.455181 0.335376
16884 20 1044 0.255079 2.616426 2.952655
18510 163 8185 0.114133 1.609258 2.012929
14334 12 640 0.223615 2.583293 -2.035816
14526 4 208 0.184296 1.029841 1.870333
14526 21 1054 0.301263 2.859718 2.441422
18577 262 13108 0.406629 2.902833 -0.241583
15262 177 8897 0.923159 0.588772 -2.493377
18041 98 4920 0.263179 2.253410 -1.883632
15801 388 19425 0.235956 1.295290 0.666705
17960 161 8067 0.214086 2.623109 0.220168
17960 161 8100 0.362229 0.624094 -2.037638
16741 469 23484 0.239031 1.561671 -1.404156
17245 71 3572 0.173080 2.728420 -2.780455
18685 162 8128 0.323418 2.793558 2.492428
18685 227 11356 0.656409 0.174060 1.929272
18685 227 11363 0.439258 2.721854 -2.025135
18685 227 11398 0.257904 2.888613 1.772490
18054 373 18676 0.324710 1.328755 -2.414646
18054 437 21893 0.322696 2.633502 -2.581168
18054 440 22035 0.203306 1.356857 2.579163
18463 311 15593 0.204572 1.724044 -2.206028
15463 231 11564 0.239111 0.224783 -0.684737
14360 12 611 0.255907 1.865162 -2.876941
14360 12 618 0.559903 0.886034 1.472279
14360 45 2258 0.199204 2.761583 0.220253
14812 211 10580 0.188670 2.954660 -0.233528
17493 172 8621 0.353855 0.602582 2.806662
18794 1 70 0.273953 1.571712 0.449255
18794 167 8357 0.163166 0.522467 -0.185120
15013 88 4446 0.161226 2.366999 -0.069162
17254 21 1066 0.497864 3.020447 2.647703
17254 30 1539 0.539380 0.618916 -0.656578
15489 91 4553 0.295159 2.236871 -0.534465
15489 201 10058 0.287252 1.023705 1.480088
15489 201 10078 0.199075 1.491489 1.147514
14526 29 1497 0.245809 3.076236 2.962904
15301 37 1876 0.176272 1.987506 1.130135
14813 5 264 0.204917 1.104494 1.123288
14813 42 2135 0.455639 0.486222 -3.060405
17156 76 3804 0.252677 2.005638 -2.514668
17156 120 6042 0.619643 0.533656 1.722741
16172 364 18246 0.199888 1.016457 0.578618
14597 62 3132 0.200935 2.186471 3.011594
14157 67 3352 0.444517 2.370256 2.574956
15092 45 2265 0.262726 0.279068 3.071323
16051 64 3246 0.207800 1.975097 2.324907
16051 79 3955 0.165701 2.721898 -1.871118
16121 36 1804 0.508255 0.580025 1.839392
16121 36 1828 0.246522 2.078594 0.302835
16975 188 9420 0.566478 0.531473 -1.381095
14814 63 3169 0.212129 0.650315 1.876547
14814 128 6437 0.219087 2.789824 -0.981885
18732 240 12046 0.362620 2.702459 2.613699
18732 414 20746 0.374814 2.724111 1.639417
17489 67 3377 0.226282 2.512668 -0.335642
17489 212 10607 0.115741 0.882769 1.214325
16028 146 7343 0.513936 0.114757 -1.078926
17990 76 3818 0.648814 2.583189 1.620351
18636 147 7360 0.425578 0.365538 -0.904409
17444 2 123 0.159613 2.940256 1.869755
17444 75 3767 0.279617 1.850113 2.534396
16162 46 2328 0.351353 2.661264 1.055120
18021 588 29420 0.195188 1.040851 -0.600211
15943 0 3 0.304549 1.740339 2.332072
15943 0 26 0.402211 0.684832 -1.617563
15943 0 27 0.562226 0.386021 2.924405
15943 4 238 0.558138 2.620162 -1.803839
15983 306 15336 0.125660 1.803175 -2.219536
17675 140 7042 0.257349 1.039707 -2.872843
14368 101 5054 0.139751 0.984637 1.846228
14368 101 5100 0.481050 1.979383 -1.616771
17427 13 670 0.255108 2.172791 -0.781052
17736 21 1075 0.181003 1.316981 1.210661
17249 129 6451 0.287356 2.612485 -2.396734
17249 129 6469 0.249286 1.335789 0.833667
17249 315 15788 0.281915 1.636273 2.353944
18931 12 628 0.275344 2.278203 -2.863426
18677 406 20330 0.279557 0.621814 -2.168513
17357 65 3292 0.291688 1.306784 1.898130
14418 106 5337 0.298539 1.166136 -0.017455
16250 75 3764 0.291489 1.205027 -2.414230
17188 22 1128 0.329395 1.956940 -0.209165
17308 13 671 0.361323 0.928238 -0.741673
17308 103 5155 0.227522 1.857735 0.209102
14216 2 136 0.343014 1.728184 1.082559
14216 76 3849 1.227723 0.330394 -0.644733
17559 5 251 0.302941 1.181750 -2.618501
17559 5 282 2.403660 0.246991 -0.948436
14376 172 8617 0.197794 0.771288 0.797071
14376 204 10230 0.534401 1.785422 0.420018
17701 93 4664 0.244836 0.386986 -1.039083
14716 1 94 0.236428 2.417943 -0.853757
14716 87 4385 0.145913 2.552253 1.067359
16499 106 5312 0.196672 2.217214 3.092494
15514 121 6072 0.283773 2.645691 -2.510976
18717 14 738 0.521726 0.991149 0.296538
18717 33 1694 1.263678 0.120434 2.568097
18770 1 66 0.276937 0.523755 -1.544662
15800 56 2825 0.226709 2.546289 2.797633
17383 308 15402 2.511581 0.208319 1.862740
15415 5 295 0.222483 0.764188 -0.202956
16950 99 4955 1.421963 0.656414 1.541704
16950 99 4972 0.262489 0.854393 -2.684523
17855 117 5869 0.146349 1.981439 -0.560120
17407 29 1481 0.247202 1.957374 -0.179266
14686 0 49 0.962189 0.361624 2.287324
14686 83 4196 0.286841 2.495295 2.158465
14686 96 4844 0.352120 1.537221 1.324996
18489 57 2879 0.547362 2.971032 1.977414
18489 98 4916 0.190190 3.020572 -1.984314
15877 80 4040 0.464770 2.047564 -2.503884
15877 84 4233 0.359626 2.878714 -0.019496
15877 145 7255 0.278034 0.723186 -0.032430
14929 16 813 0.121643 0.847254 -2.955970
18028 161 8054 0.308698 0.773312 -2.563011
17087 94 4728 0.239479 2.888574 -1.986638
14914 293 14662 0.440135 2.899410 2.003321
15902 34 1708 0.589676 2.751005 2.071827
15902 90 4527 0.130669 2.390584 -0.229863
16762 43 2163 0.172625 1.169056 2.451997
16172 405 20269 0.181311 0.460735 0.571587
17055 74 3719 0.139408 1.123881 -0.389847
18765 226 11345 1.125843 0.327598 -0.425081
18765 326 16349 0.428213 0.536372 -3.072405
18024 117 5851 0.327615 0.933215 -0.894167
16340 339 16980 0.439152 0.819939 -2.720315
16340 339 16990 0.285676 2.832462 3.062679
17406 33 1669 0.234523 0.540531 -2.090262
17406 107 5400 0.212794 1.460341 2.566265
18929 380 19031 0.196204 1.000116 0.653043
18929 406 20301 0.485679 0.715226 0.607603
14408 29 1485 0.245402 1.193037 2.830671
14408 41 2089 0.973858 0.256913 -0.448702
14335 62 3144 0.675673 2.759458 1.228710
14335 131 6559 0.190392 2.270253 0.545092
15803 29 1500 0.269359 2.679660 -2.657583
15803 37 1881 0.308240 2.057567 -1.703898
17552 224 11228 0.404381 0.642693 1.735057
17597 42 2134 0.410676 0.889864 0.106731
17308 155 7751 0.273018 2.440922 -3.045451
16250 35 1774 0.209161 1.038947 2.491569
16250 139 6965 0.689898 0.565685 -1.484532
17205 200 10030 0.150838 2.378385 -1.985377
15967 64 3216 0.386678 2.283349 1.365481
15927 138 6923 0.217221 1.573421 -2.369569
15927 138 6930 0.382658 2.184680 -2.908637
16946 79 3998 0.558824 2.961867 -1.576515
14367 180 9011 0.162720 2.799036 2.821320
17434 2 129 0.138686 1.307227 0.471695
18748 56 2835 0.248939 2.646147 -1.415393
18748 130 6549 0.307613 1.500212 0.537110
15710 41 2079 0.164470 2.529831 1.560673
17960 153 7659 0.202000 2.741721 0.896153
18841 18 907 0.152881 2.341257 0.760150
18841 33 1696 0.550644 0.364173 -1.702299
18841 69 3459 0.163395 1.581111 -0.229512
17209 45 2277 0.240577 2.534804 -0.545171
17209 45 2294 0.376166 0.805988 -2.120476
17209 56 2823 0.214011 2.738337 1.740760
17209 56 2836 0.241342 0.760379 -1.053250
15840 6 331 0.122697 2.071096 0.009643
15840 19 978 0.314639 0.845141 1.922385
18005 26 1319 0.313134 1.032862 2.356977
15498 78 3950 0.775179 0.495344 0.412828
15498 81 4085 0.221636 2.352608 -2.716853
16180 0 2 0.186140 0.961642 0.694230
18769 9 462 0.223076 1.295546 -0.654625
18769 9 482 0.318348 0.817872 -0.698292
18035 188 9434 0.439307 3.005079 -0.692653
18035 188 9439 0.208087 1.077855 1.008165
15147 202 10122 0.385253 2.775901 -0.708004
15940 176 8817 0.183260 2.407973 0.550902
14335 132 6620 0.487920 1.007701 2.678724
14259 226 11308 0.318996 0.550905 2.062813
15182 130 6536 0.269565 2.680403 -2.830646
17162 58 2941 0.152638 2.354741 -2.589790
14805 215 10785 0.699601 0.440246 2.284815
15928 20 1036 0.447053 2.830763 -2.552111
15451 13 656 0.165101 2.631641 2.073860
15451 13 671 0.230638 2.508186 0.342624
15451 13 679 0.171469 2.031397 3.037695
14647 67 3385 0.257923 0.883416 1.664144
18024 230 11514 0.502799 0.367641 -1.725652
14940 125 6266 0.600977 0.123947 1.731694
16304 35 1795 0.241976 1.357966 2.532154
16962 224 11208 0.377717 0.745380 -2.331742
16962 370 18525 0.532103 1.018202 2.668673
15162 74 3719 0.290709 1.978010 -1.129070
15162 74 3731 0.182696 0.853553 -2.743149
15965 487 24366 0.285152 1.978431 -2.473468
17478 64 3204 0.454954 0.731692 1.640497
18007 57 2861 1.009206 0.135627 -1.692639
15722 5 267 0.434802 2.874090 -2.711209
15722 104 5223 0.391203 1.663810 1.612005
15722 107 5352 0.166794 2.604848 -0.026905
17370 51 2551 0.449736 1.102648 1.561426
16509 265 13268 0.265433 2.891075 2.825039
16509 265 13284 0.245706 0.538080 0.893871
17475 99 4951 0.289442 2.252746 1.264944
17524 268 13420 0.247854 1.123911 -1.976558
17524 281 14054 0.127134 2.790873 3.028758
16209 39 1956 0.289214 2.489445 2.279960
16209 39 1997 0.193414 2.231123 -0.567829
17835 31 1573 0.190022 2.179570 0.527833
18646 499 24960 0.253461 2.484372 2.667123
18646 512 25615 0.185342 0.804234 2.805530
18947 83 4151 0.126453 1.905436 0.470135
18761 11 584 0.183592 2.045706 0.376001
18761 177 8883 0.226692 1.989135 -2.344280
14369 9 469 0.399333 1.641167 0.969900
14369 25 1278 0.238420 2.619367 -0.345702
14369 122 6128 0.424259 0.434557 2.580400
16198 163 8178 0.246854 2.427827 -0.479285
18724 21 1090 0.437289 1.080743 0.673592
18724 43 2159 0.230629 1.465500 -2.565748
15314 2 135 0.347111 0.462914 1.696565
14569 98 4913 0.235668 0.945438 -0.932534
14569 136 6826 0.144494 2.836049 -0.291866
14632 16 805 0.285343 1.610785 0.575544
14632 33 1698 0.363849 2.634530 -1.775554
14632 89 4474 0.269472 2.810286 2.811337
14632 89 4485 0.383435 0.949789 -0.203410
14802 102 5117 0.344376 1.017432 1.146211
15377 26 1329 0.362513 1.573238 -1.920917
15377 59 2976 0.173291 2.377860 2.805637
15377 59 2995 0.334072 2.083558 -0.448000
15377 136 6826 0.250587 1.373783 1.856423
14727 45 2272 0.223271 2.578143 -1.296680
18527 81 4072 0.633415 0.778591 2.969214
18527 81 4077 0.115192 2.091500 1.008877
18527 81 4089 0.417968 0.723132 0.927300
18263 47 2359 0.226810 2.752568 -2.690033
18263 47 2379 0.374426 0.764497 2.358614
18263 54 2733 0.240486 0.284601 1.012868
14575 67 3378 0.695973 2.743465 1.389435
15923 24 1212 0.326576 0.680170 -2.162325
14631 8 419 0.487708 0.459204 -2.286036
14631 226 11309 0.450855 1.166531 1.847685
14631 226 11331 0.231062 0.359686 1.707212
16734 93 4664 0.210645 2.765258 2.028958
15692 35 1797 0.715243 0.504383 0.288665
15771 16 804 0.361020 2.892723 1.469895
18777 26 1324 0.348712 2.058957 1.321399
18777 60 3030 0.174314 2.041984 -1.943267
16219 7 388 0.267654 1.396096 -1.034812
16219 7 395 0.145051 2.457054 -1.992637
16219 228 11449 0.415967 0.998509 1.659079
16446 388 19417 0.291457 1.157187 2.064254
14814 22 1117 0.306518 1.927233 -0.050415
18226 216 10819 0.300559 2.566797 0.588974
17566 136 6836 0.334554 0.465030 1.446007
17695 39 1979 0.391327 1.523751 1.034373
17493 314 15718 0.248456 2.797687 -0.350714
18268 11 596 0.524119 2.375821 -2.638060
18268 13 680 0.619887 0.232564 -1.547707
14603 181 9093 0.202196 0.693549 -2.251122
14636 92 4637 0.521451 0.334717 2.882655
14325 66 3325 0.278981 1.527601 2.736234
18665 296 14819 0.352800 0.698459 -1.062594
18665 456 22807 0.316618 2.126419 2.601681
16339 143 7198 0.409793 1.366171 -2.434196
16339 154 7717 0.161237 1.228360 2.426572
16499 52 2640 0.550216 0.870621 2.521311
16499 329 16465 0.490160 0.550611 1.261994
18062 270 13519 0.227552 2.747690 -2.859270
15916 145 7278 0.389587 2.747514 2.995825
15916 436 21818 0.383818 2.357882 1.761939
18677 464 23206 0.303323 2.292045 2.951017
17028 316 15808 0.214280 2.649191 -1.617664
18748 319 15984 0.444514 0.769120 0.052003
16750 94 4721 0.275464 1.506207 0.442515
16750 94 4724 0.367963 2.914902 1.730822
16750 140 7042 0.284262 0.722594 -2.586043
17686 51 2574 0.220625 2.826820 2.911664
17686 343 17178 0.304069 2.606549 -2.627857
14362 4 210 0.471163 0.652493 2.654150
14362 27 1379 0.130540 2.352789 2.903407
14362 27 1382 0.395746 0.430403 0.323150
14362 58 2909 0.594422 0.606521 2.940241
17638 37 1892 0.224267 2.015854 3.053231
17638 46 2318 0.242087 2.456895 -2.242849
15701 102 5112 0.180802 0.877629 2.065045
17295 3 169 0.622551 0.098584 1.034285
15484 156 7828 0.326221 1.341998 1.831884
17337 78 3937 0.208538 2.707186 0.206472
15257 51 2591 0.211073 0.940661 2.930662
15257 61 3065 0.366723 2.359758 -1.500550
15257 157 7870 0.155724 1.322781 -1.824600
14559 220 11032 0.503922 2.542846 -0.108433
16160 18 939 0.316430 1.514782 1.645392
16160 165 8259 0.331882 1.234185 -1.180513
14157 11 595 0.478115 2.866406 -0.979889
14609 160 8026 0.278805 1.583629 1.813730
15377 115 5764 0.231791 1.028352 2.306194
15377 115 5773 0.230009 0.935532 1.057851
15377 128 6432 0.319930 1.011226 1.211529
17851 272 13615 0.400190 0.688439 -2.399229
17851 290 14506 0.197685 2.716967 2.174658
18926 101 5093 0.283179 2.796070 2.359986
15910 88 4402 0.546727 2.213898 -1.630247
15910 219 10955 0.230463 0.415911 -0.774783
14816 96 4802 0.595126 0.807896 -1.514827
17210 179 8962 0.149854 1.841390 -0.462982
16219 11 597 0.324297 1.180351 -3.053928
16219 197 9852 0.278375 2.535099 1.310996
18923 277 13873 0.217238 1.106535 2.501644
18923 300 15001 0.513390 1.376303 2.624271
16746 22 1141 0.263501 1.279001 -2.871827
16746 37 1887 0.259513 1.213673 -2.441290
14559 301 15063 0.385296 1.981749 1.109006
15970 407 20392 0.275443 2.469092 -1.082405
17693 266 13310 0.289132 0.888621 0.301651
17693 266 13318 0.334167 1.342844 1.672112
17693 266 13350 0.259671 1.086853 1.417115
17693 303 15174 0.170978 2.297531 -2.586918
18901 16 845 0.544644 0.713354 1.497466
15727 10 532 0.401080 0.489859 0.876345
18756 16 802 0.220296 2.290193 2.958606
18756 21 1084 0.272608 2.419025 -0.557800
18756 38 1938 0.872681 2.876654 2.527570
18756 38 1948 0.391648 0.575631 1.961427
18210 52 2610 0.505080 2.496249 -2.039298
18210 113 5664 0.228623 2.458934 -0.547413
16802 96 4806 0.320017 2.919194 2.535441
16802 172 8631 0.136700 2.361234 -0.107659
16802 270 13505 1.004045 0.342990 0.897177
16802 326 16338 0.582937 0.724034 -2.527636
14545 40 2019 0.215423 2.137286 -0.439885
16555 180 9023 0.135334 2.921390 2.451948
14368 298 14907 0.276928 1.754570 0.570899
18225 487 24379 0.542893 0.643264 1.602855
17697 36 1829 0.698783 0.304424 -0.011365
17671 363 18171 2.343411 0.808988 1.555373
17671 366 18342 0.379783 1.527997 2.497010
14948 147 7379 1.551340 0.119650 0.836741
14948 247 12379 0.294801 2.801728 -0.238135
16169 183 9151 0.262741 1.797335 1.272347
16169 321 16079 0.368453 1.094323 2.096631
14706 67 3368 1.040992 0.336989 2.262366
18032 63 3156 0.278478 2.804830 -3.140681
16220 33 1695 0.118036 0.743187 0.710754
14585 59 2958 0.205771 2.177973 -2.164893
14585 62 3150 0.281681 0.924643 1.405007
14940 249 12497 0.658340 0.644999 3.051496
14789 158 7907 0.419480 1.450635 2.764100
18647 70 3533 0.168508 0.344098 -1.988807
18781 160 8042 0.587290 0.992717 1.909169
14676 4 214 0.415892 1.054660 2.847299
16134 200 10031 1.039024 0.106183 2.338759
16134 233 11674 0.195871 1.148925 1.780046
17998 27 1392 2.830928 2.873586 2.318099
14555 30 1546 0.290759 2.284451 3.005790
16252 33 1659 0.353242 2.856623 1.266974
14741 6 330 0.324925 0.890234 1.725430
14741 148 7409 0.174729 2.931700 2.029285
15554 140 7048 0.405722 0.648740 -1.168403
15669 39 1959 0.395045 2.640082 -2.444010
15669 39 1985 0.383687 0.387539 3.108256
17829 19 957 0.388533 1.333279 1.758246
17829 98 4921 0.384727 2.270681 0.787338
17871 338 16924 0.327192 1.266821 2.058306
17871 338 16934 0.477534 1.524210 -0.557885
17858 76 3816 0.233539 1.184456 1.463268
14758 32 1625 2.472744 0.037272 -1.818605
17986 188 9430 0.340400 1.745140 1.366520
16761 197 9860 0.212879 2.201609 2.336523
18710 6 339 0.196936 0.632266 0.855355
18710 34 1736 0.228642 1.105045 -0.570273
15111 177 8878 0.163168 1.363723 0.089195
16437 262 13116 0.281911 0.727370 -2.974856
14161 38 1942 0.253541 1.597777 -2.497766
15923 11 595 0.156656 1.000108 1.366445
15923 363 18179 0.326666 2.091230 0.331619
18048 348 17406 0.886021 0.222380 2.363903
18048 348 17443 0.335323 2.613900 -1.616198
15129 17 851 0.198864 1.218216 1.942941
15129 22 1134 1.462047 0.357281 -2.709872
15129 46 2313 0.205403 2.076936 -1.269790
15129 46 2330 0.176524 2.542676 0.145733
17591 46 2335 0.272743 1.458285 -2.930907
18574 110 5535 0.303500 2.808182 1.700027
14291 36 1823 1.291202 0.329813 -2.689450
14291 210 10527 0.320054 0.993115 1.836765
14396 99 4962 1.805517 0.154329 -0.969317
14396 105 5286 0.250576 2.040658 -2.686346
17316 47 2360 0.328140 3.059279 2.764472
15882 53 2651 0.354180 2.821626 1.542292
17240 6 344 0.248086 2.465822 -0.457962
18935 46 2326 0.403939 2.891149 -1.906780
17851 60 3037 0.153041 2.894722 -0.824163
17851 78 3919 0.387680 1.052581 1.450449
17851 175 8776 0.635354 0.480133 1.859003
15634 234 11719 0.174902 1.254647 -0.965777
17352 334 16747 0.356726 2.541529 2.362007
18632 17 867 1.135927 3.038433 -2.469860
16440 196 9815 0.409874 1.439299 1.533755
17726 161 8052 0.226813 1.395892 2.188567
16458 160 8011 0.638560 0.582779 1.767136
18748 83 4198 0.245108 2.695411 0.921235
18008 16 811 0.266711 1.039916 1.693264
17023 73 3660 0.259057 1.159252 1.676062
17023 73 3695 0.672728 0.611206 1.534546
17023 257 12900 0.393719 2.724306 0.267622
17023 308 15421 0.255492 2.486428 -1.347183
17502 11 551 0.181426 1.287611 0.617961
17502 29 1484 0.296708 2.427754 0.238476
14730 11 576 0.526206 2.853600 1.458103
17684 7 368 1.491887 0.270622 0.914161
17684 7 394 0.261986 2.155661 0.820415
14997 90 4523 0.144431 2.233089 -2.320367
17033 35 1765 0.559755 0.449349 1.010380
15588 180 9035 0.192529 1.416252 2.060594
15588 409 20451 0.125580 2.573131 -2.943302
17662 13 695 0.307450 2.397561 1.433449
17662 80 4017 0.573867 0.431604 -0.447168
17662 90 4512 0.236394 1.997074 0.255953
15530 81 4070 0.191537 1.096759 -1.767021
18935 75 3753 0.520939 2.955131 -2.076088
18935 303 15176 0.203517 1.076864 2.810462
16551 252 12639 0.152600 2.497260 1.059754
16551 375 18778 0.504101 0.293819 -1.171949
16200 6 323 0.267065 2.755159 -2.005864
16200 50 2509 0.486809 2.331016 -2.018289
16200 76 3824 0.202573 2.733406 -2.021860
17078 94 4747 0.622729 2.622121 0.204286
14785 29 1455 0.218777 2.820215 0.762032
17391 2 104 0.366076 2.717390 1.151463
17239 72 3645 0.335905 0.161035 2.002839
17960 97 4872 0.132682 0.957806 2.800836
17960 115 5766 0.448891 0.629483 -0.052767
17960 115 5794 0.351727 1.076903 1.456570
16272 35 1756 0.233209 0.712767 -1.706078
15348 86 4316 0.639454 0.309794 -1.961231
15348 185 9299 0.572552 1.249839 -1.690831
17312 3 187 0.724842 0.629571 1.883313
17312 210 10502 0.201910 2.122890 -2.554647
17270 6 312 0.336296 1.387211 1.229630
17270 30 1535 0.450679 1.236057 -0.646044
17128 83 4154 0.140593 2.843908 -2.014970
17137 111 5573 0.205928 2.450910 -2.536256
17137 111 5587 0.205355 2.622234 2.910043
17369 38 1934 0.254833 0.873176 0.858123
14134 180 9019 0.377870 2.169161 0.406461
15343 210 10501 0.531814 0.565471 1.607199
16227 102 5132 0.148942 1.174785 -2.469721
15391 173 8688 0.703333 2.748357 -1.797534
17787 19 972 0.663381 0.300381 2.643828
18754 183 9153 0.382568 0.792452 -0.309161
17594 59 2955 0.246914 2.683223 2.175015
17594 59 2971 0.192971 2.633371 0.148891
16570 76 3817 0.199576 2.648244 2.768109
17589 10 510 0.351112 2.601141 -2.654189
17589 27 1361 0.429766 0.553923 2.510530
16341 135 6758 0.305299 1.144116 1.185794
16341 135 6773 0.181179 0.944802 -0.927182
16341 344 17222 0.120738 1.363569 0.283548
18244 161 8051 0.209129 0.696833 1.460660
17237 118 5906 0.255708 1.861591 0.638720
15316 87 4352 0.360206 2.657211 1.222483
15316 159 7977 0.276202 0.897391 -2.767604
15316 205 10296 0.253196 0.628149 1.562902
17662 209 10486 0.164324 1.609869 -2.806783
14246 14 710 0.274262 1.386962 -2.901474
14246 14 748 0.171317 2.111872 2.166626
18903 45 2285 0.203817 2.576448 0.021094
18903 123 6161 0.440881 0.277461 3.035552
18903 337 16886 1.650970 0.106246 -2.396649
17004 12 602 0.403611 0.727916 0.663813
17004 18 940 0.244439 2.423924 2.094256
17004 293 14693 0.180489 2.659510 -1.627994
14734 6 341 0.793495 2.822759 -1.174118
15961 468 23424 0.309850 1.121796 2.606472
17671 174 8711 0.461173 2.883888 3.093183
17671 174 8741 0.309807 0.608798 1.905527
14748 53 2662 1.326802 0.297809 -1.432814
14748 73 3653 0.310052 1.261310 -2.568605
14748 132 6610 0.185263 2.428828 0.870014
17524 228 11416 0.162983 2.450073 -2.123842
17566 30 1505 0.227645 0.527995 0.221790
17566 49 2480 0.913295 0.400133 1.506099
15354 42 2118 0.698915 0.110553 3.121399
15354 88 4436 0.451285 1.527035 1.973177
18761 78 3949 0.283843 0.575706 -0.453169
18761 86 4312 0.318770 1.148567 2.700775
14760 92 4602 0.618257 0.150973 2.801502
18714 152 7631 0.244143 0.943328 1.214580
14802 50 2550 0.220770 1.457963 2.323658
14246 21 1061 0.400976 0.991543 -3.075229
14246 21 1090 0.454251 0.241427 2.864726
14246 195 9771 0.268866 1.165900 2.993593
17524 207 10354 0.362241 0.903958 0.575483
15166 241 12057 0.517659 0.807953 1.283830
17195 47 2376 0.222971 2.553977 0.685130
17195 182 9123 0.214160 1.013915 -0.662325
14549 51 2560 0.333957 1.292338 1.140422
14549 51 2573 0.122457 1.690436 -0.937240
14549 146 7315 0.392574 2.915731 -0.171884
14549 178 8903 0.309343 1.293498 -0.568697
14549 188 9422 0.137513 1.122584 -0.082066
17552 137 6883 0.274001 2.750599 -1.800980
15922 29 1458 0.200660 1.978649 2.179755
15922 29 1476 0.315072 2.589430 -0.235030
17249 125 6271 0.491746 1.180928 0.592737
15369 320 16043 0.412093 1.795525 0.527482
18678 115 5766 0.179034 2.753247 -0.259639
18678 167 8357 1.199485 0.056623 0.826352
18235 75 3797 0.725167 1.013390 0.793001
18235 116 5825 0.366497 1.054893 1.564253
17240 234 11721 0.310120 1.279699 0.983269
18508 80 4004 0.180570 2.559286 1.478760
14995 3 163 0.128183 1.681741 1.423442
18615 489 24470 0.577395 1.410704 2.589631
17973 26 1327 0.381364 2.386127 1.747686
15792 176 8801 0.152476 2.752790 -3.006407
15731 7 398 0.124900 1.193631 2.946494
15731 11 570 0.237725 2.621445 -0.300735
17992 55 2772 0.347076 1.486927 2.324868
18765 188 9407 0.319849 0.870244 -0.489110
16041 45 2293 0.177772 2.897782 -0.169291
16041 115 5780 0.415727 2.764659 2.563935
16159 12 642 0.330945 2.512170 0.486620
17328 90 4525 0.494914 0.745975 2.054687
18242 120 6010 0.241204 0.181935 1.918914
18492 562 28139 0.280750 2.476212 2.594996
18492 562 28148 0.339361 1.152254 1.080625
15915 200 10027 0.229760 2.179682 -2.787526
14623 157 7884 0.290755 2.999158 2.930252
15529 314 15728 0.207722 2.761842 2.710562
17755 10 532 0.255830 1.784143 2.309863
16842 156 7831 0.758433 0.464764 1.124089
14664 108 5441 0.283946 1.244270 1.536185
15431 54 2729 0.154484 2.325491 0.528607
15161 164 8216 0.271267 0.809006 1.611320
15161 164 8243 0.367329 0.691925 -2.239544
17552 119 5997 0.148136 1.624655 -2.953660
17552 131 6569 0.269162 1.952431 -1.226520
16112 179 8972 0.163103 1.607426 2.589625
15281 2 113 0.434047 1.395670 -0.353604
15281 9 485 0.235876 1.206793 2.284999
17530 13 662 0.449478 2.389148 -1.311198
17530 86 4305 0.146391 2.708983 -2.739861
18480 25 1252 0.224105 2.039995 0.173198
17619 14 732 0.266096 1.121800 -2.908478
17726 135 6791 0.277121 1.962178 1.930396
17726 148 7450 0.331525 2.575864 -1.490926
14693 14 703 1.000546 0.636825 -2.696158
17594 91 4570 0.279433 1.437036 2.155489
16138 43 2200 0.452573 0.807729 2.099718
16172 524 26214 0.177563 2.417871 2.698664
16172 524 26236 0.314423 1.065409 -1.890553
15140 160 8010 0.542420 0.394409 1.140385
17759 28 1430 0.208226 0.382784 2.544507
17759 30 1540 0.225196 2.983482 1.143952
17759 30 1547 0.762304 0.315681 -2.290960
14343 143 7191 0.178876 1.006845 2.496198
14343 158 7912 0.206831 2.318335 -2.440272
14343 158 7931 0.184006 1.532212 -2.611740
15528 384 19226 0.289294 0.526803 -2.037539
17334 83 4180 0.374607 0.975009 -1.165982
15722 190 9520 0.376259 1.377565 1.347542
16299 100 5012 0.626691 0.248646 -2.702432
16299 112 5627 0.503168 0.827252 -2.561099
18283 41 2064 0.195009 2.685145 3.116007
14149 77 3886 0.198407 2.104468 -0.437318
14149 108 5415 0.667324 2.326863 -0.816637
14149 108 5434 0.292887 2.602668 -1.736356
17698 24 1230 0.365753 1.093501 -2.953558
17698 56 2811 0.327446 1.277744 2.435621
16453 388 19433 0.337327 0.884065 0.560931
17489 124 6250 0.295841 0.906932 2.220729
15236 115 5773 0.746481 0.558269 1.190968
14623 140 7037 0.281237 1.083617 -2.889438
14623 140 7050 0.276313 2.918808 2.796680
14623 285 14300 0.407387 2.474689 -3.037333
18024 44 2242 0.245582 1.164848 -2.766471
17667 115 5791 0.230368 2.793310 1.917734
17667 133 6673 0.205670 2.474319 2.054940
17667 198 9907 0.185346 2.596129 -3.057242
15946 268 13432 0.584354 0.375044 1.515867
17630 138 6944 0.413061 2.412966 1.853412
17630 152 7650 1.283598 0.130649 -2.947769
17630 162 8142 0.305834 0.976193 2.327617
14553 249 12477 0.312516 2.376486 2.117020
14553 249 12484 0.121020 1.277044 0.791751
14423 49 2487 0.189673 2.218779 0.989864
16150 207 10363 0.252433 0.202683 -1.060647
17415 63 3159 0.572325 0.674197 1.714573
17415 63 3192 0.420236 1.337704 0.871189
17415 160 8022 0.316224 2.837779 -1.123054
17415 183 9184 0.363619 1.462430 1.690465
17177 14 718 0.168570 0.191853 -1.974396
15097 182 9126 0.148897 2.732105 2.261426
15097 182 9148 2.475702 0.055558 3.028744
15097 194 9746 0.263572 2.603534 -1.647468
17671 6 324 0.512450 0.482280 -3.089942
18218 310 15502 0.207474 2.043050 1.251794
18796 9 475 0.484706 1.156125 2.935021
17301 68 3412 0.264795 1.179015 -1.413622
17030 87 4392 0.207913 0.744947 -2.577458
17030 108 5425 0.422791 0.844511 2.791354
15846 188 9421 0.244957 1.368927 1.326592
18900 62 3108 0.326553 2.619375 2.146244
18900 83 4197 0.182056 2.656799 -3.141363
17434 51 2551 0.446197 1.854470 -0.622202
17434 62 3124 0.137296 1.460589 0.155682
15677 9 473 0.435776 2.708659 -1.987721
15677 288 14413 0.287009 2.914337 -2.001591
16043 45 2291 2.286175 0.056507 1.429838
15262 63 3152 0.403756 2.677748 -2.153929
17390 33 1671 0.507678 1.057798 -2.556016
17754 30 1512 0.283880 1.094218 1.941773
17851 186 9334 1.137352 0.244460 -0.372680
18244 211 10598 0.499430 0.454750 1.746542
18244 328 16402 0.373329 1.569942 1.416050
18037 13 656 0.678228 2.920204 0.887731
18037 13 679 0.728898 0.135374 -2.948244
18037 22 1129 0.166249 1.211328 0.516517
17132 483 24189 0.597869 0.320616 1.207236
18885 15 772 0.222388 2.064241 1.813388
18885 32 1603 1.572100 0.370492 -2.543360
18885 52 2630 0.420496 1.962111 0.108113
14979 87 4352 0.303227 0.296886 2.738160
14979 87 4382 0.282521 2.412286 1.868558
15901 247 12398 0.222697 2.962133 -0.582034
15780 150 7519 0.458066 0.807675 -2.197472
16471 53 2678 2.256890 0.147377 1.599896
16471 65 3292 0.351353 0.443680 -1.770323
16787 74 3724 0.272545 1.537618 -2.729289
16787 74 3726 0.432866 0.656530 1.677017
15398 23 1195 0.311876 2.921853 -0.947135
15790 22 1115 0.412450 0.915543 -1.638184
15790 22 1142 0.378360 2.460904 0.543762
15790 69 3484 0.194029 2.134395 -0.614036
15785 159 7954 0.915460 0.087683 2.147442
18665 129 6470 0.276187 2.612051 -0.744047
14748 112 5619 0.294414 2.955111 1.458301
15882 81 4052 0.195947 2.204953 -0.298718
15882 81 4090 0.316918 1.062252 -0.382519
17203 32 1613 0.186792 1.556819 2.859793
17313 127 6389 0.398099 0.906806 0.569829
18752 55 2761 0.383430 1.114447 2.406668
18752 74 3701 0.139236 3.072626 0.237944
18603 70 3532 0.300188 1.557795 0.758617
18603 212 10611 0.405291 1.171801 0.750971
18918 137 6887 0.379813 0.914686 2.582665
17667 132 6630 0.561602 0.975420 -3.014041
18665 254 12715 0.242318 1.497795 0.651125
18665 254 12746 0.635372 0.101478 -2.539872
18665 332 16611 0.386589 1.130131 1.711060
18665 332 16634 2.391129 0.137082 0.423763
16573 1 86 0.565493 3.028369 -0.790913
16573 92 4642 0.924729 0.429209 1.602555
16167 158 7908 0.624759 0.900694 1.755098
16167 162 8116 0.386317 1.408518 -2.898821
16167 181 9098 0.322620 0.886521 1.222999
16765 19 983 2.558042 0.014036 -2.845372
15111 242 12125 0.448501 1.141200 1.824417
17269 70 3542 1.938413 0.247676 0.745656
16738 215 10777 0.142966 0.882920 -1.890169
16738 215 10798 0.306991 2.873302 -1.173307
18760 95 4772 0.181518 1.805002 2.602503
18760 300 15029 0.292997 2.649408 2.779451
16493 62 3149 0.783758 0.132864 2.823047
18008 2 137 0.254327 1.419123 -1.998286
18008 87 4351 0.228671 2.874122 2.573124
16734 45 2278 0.348470 1.902626 -1.667686
16734 45 2279 0.348687 1.938526 2.987826
16298 44 2223 0.185777 1.915341 1.084262
18603 187 9370 0.606908 0.559984 2.429375
14694 51 2585 0.211265 2.646419 1.379305
18031 348 17416 0.290349 1.001444 -2.663138
18623 76 3848 1.002514 3.052150 0.798203
18623 88 4405 0.238747 0.928477 -1.851511
15436 106 5309 0.147849 1.695724 2.381132
15436 353 17689 0.351824 2.455153 1.723632
16776 219 10963 0.162948 0.937452 -1.675150
16776 219 10993 0.199042 2.212731 0.213621
17139 54 2717 0.388187 0.785203 1.645112
17139 102 5105 0.421249 2.335324 -1.358867
17139 242 12150 0.289627 2.462787 -2.753019
15170 95 4795 0.512232 0.780937 1.168615
18903 291 14598 0.227725 2.826762 -1.168693
18054 358 17901 0.390380 2.724958 -0.478976
17067 27 1393 0.247475 2.785973 -2.381361
17067 38 1903 0.205427 1.324131 2.440485
17406 36 1832 0.328670 2.173534 -2.923796
17406 97 4895 0.633788 0.104105 -1.835853
17406 122 6137 0.188774 2.930325 0.283452
17406 122 6143 0.310355 0.595122 1.795355
17400 18 917 0.830411 0.657199 -2.516569
17400 93 4666 0.347946 0.907460 1.998948
17495 175 8757 0.242286 1.467832 -2.538411
18915 50 2549 0.222700 0.757597 -1.368807
18915 197 9866 0.230432 2.846005 -1.714115
18021 524 26214 0.332540 1.286876 2.124804
18021 524 26244 0.189440 2.594352 -2.756421
18021 524 26245 0.405080 0.648183 -1.899841
18021 688 34406 0.819850 2.787233 -2.284810
16303 72 3637 0.430586 1.085003 1.352910
15073 12 616 0.276316 1.231627 -0.084474
14269 122 6134 0.438485 0.343849 1.984581
14269 152 7635 0.191762 3.032979 -2.126214
17093 93 4681 1.245846 0.287965 0.345870
14692 34 1705 0.423909 1.220506 2.800312
14692 34 1723 0.330919 2.455962 -0.523061
14692 34 1749 0.151685 1.529983 -0.889229
17100 162 8104 0.188476 2.092215 1.246857
17978 59 2994 0.338412 2.309615 1.743227
17671 166 8316 0.286848 2.310081 0.005833
14409 269 13466 0.239585 2.324425 -2.380610
16295 68 3405 0.160052 1.026851 0.343530
16295 82 4111 0.323351 1.126971 -1.063887
16295 284 14244 0.890497 0.699026 -0.237152
17503 32 1614 0.249951 0.657810 1.852081
15870 153 7661 0.308599 0.332072 2.949326
15870 153 7696 0.212163 2.726808 2.510957
15154 196 9832 0.347041 2.442624 -0.173706
18903 105 5298 0.209364 2.533247 2.081074
18463 235 11772 0.397067 1.235719 1.728810
14636 8 434 0.211558 2.572797 -0.274782
17453 53 2696 0.260054 0.825471 3.004540
18665 156 7812 0.124043 0.790505 -0.236298
18665 174 8705 0.148696 0.755087 2.392274
15520 117 5869 0.205931 0.990258 2.031919
15520 117 5877 0.425339 0.453188 -1.815226
16573 141 7065 0.478478 0.967830 1.224312
16693 91 4597 0.255872 1.093075 1.990237
16693 242 12108 0.151915 2.567163 0.044301
14367 288 14427 0.363098 1.110021 -2.940238
17452 132 6614 0.178967 2.804377 2.132818
17452 141 7082 0.204561 1.595274 0.668636
16835 179 8966 0.321315 1.483956 -1.264989
18701 103 5174 0.220667 1.142710 0.062711
15295 56 2825 0.675306 0.515421 -2.603798
14722 18 922 0.177471 2.050452 0.271276
14722 129 6466 2.376461 0.063840 0.150895
18732 295 14788 0.336252 2.374805 -2.672209
15893 34 1715 0.261281 1.189294 1.364702
18732 156 7809 0.748519 1.157624 2.679026
14699 8 434 0.199871 2.613991 1.518901
18035 43 2185 0.463524 0.918477 -2.033765
18035 146 7314 0.399508 0.605848 1.535848
16186 130 6532 0.296289 0.991585 2.538086
15910 37 1899 0.201380 1.623494 0.847933
15910 65 3278 0.271137 1.083063 1.264409
18021 239 11951 0.202052 2.033649 -0.780032
15966 12 627 0.304575 2.401973 -0.297676
16119 270 13531 0.464579 0.644222 1.133720
16119 396 19811 0.282896 2.693190 -2.979774
14610 247 12397 0.526805 0.327340 1.014594
18752 101 5068 0.440496 0.764657 2.411711
18752 101 5079 0.143681 1.797777 1.836636
18752 101 5082 0.555863 0.516750 -1.469631
18253 59 2966 0.680953 0.484654 -2.181252
16038 78 3927 0.338771 1.201152 -0.606421
16038 304 15221 0.314116 0.532340 1.745631
16038 304 15246 0.900509 0.685544 0.408133
16038 330 16513 0.298433 0.887278 -2.468976
15097 133 6698 0.218232 1.729636 2.188446
15097 179 8956 0.685059 0.649062 0.473244
18021 106 5325 0.369330 1.374780 1.625957
18021 258 12903 0.154870 2.364201 1.140717
17987 22 1137 0.315723 0.897891 -2.480284
18762 12 637 0.408836 1.079142 -0.891252
17124 4 232 0.285109 2.576661 0.095658
17124 54 2725 0.116876 0.988811 -2.684705
17124 64 3219 0.289196 1.162399 0.369182
17851 106 5346 0.275562 2.161932 -2.854752
14211 37 1900 0.455408 0.054050 2.303045
14211 97 4888 0.134964 2.349302 -0.784663
14749 30 1538 0.319639 2.560280 2.033804
18928 186 9308 0.452271 1.078430 2.136261
18903 268 13407 0.133350 1.222941 -2.226766
18903 268 13437 0.482878 1.908673 -0.092478
14455 242 12129 0.383120 2.161174 1.716826
16965 104 5241 0.185355 2.467731 -0.010329
15923 407 20377 0.195692 1.662523 2.214852
17611 60 3050 0.719999 0.277799 1.956198
17611 86 4350 0.277035 0.763497 1.750648
18044 168 8418 0.638884 0.151420 0.391655
15283 39 1987 0.493277 0.393550 -1.845278
14949 7 355 0.205871 0.774794 1.742378
17383 6 325 0.367921 2.376232 0.891536
17383 248 12440 0.341269 1.250708 -1.952753
17383 260 13003 0.397581 0.415209 -1.805972
15644 8 406 0.365854 1.333247 1.967353
15644 21 1089 0.278125 2.392806 -2.817042
18933 156 7815 0.151547 1.379507 0.611911
18933 233 11664 0.357729 1.106132 1.694148
15915 344 17222 0.225675 1.266211 1.552193
18779 566 28304 0.325028 1.043299 1.779973
16473 130 6537 0.496393 0.574384 -1.306870
18619 212 10619 0.406938 0.331632 -1.600233
16088 37 1859 0.318012 0.772913 -2.477799
16088 37 1864 0.145841 2.035533 0.226273
15921 35 1784 0.469083 1.305883 2.198134
16893 108 5445 0.372090 1.711166 2.542504
15834 144 7248 0.318227 2.395279 -2.656274
16227 208 10413 1.497350 2.949757 0.422190
16227 208 10427 0.303474 0.610176 2.723214
17853 3 163 0.336250 2.747624 2.358260
16734 168 8445 0.194155 1.235107 -1.420469
18488 244 12217 0.149271 1.849220 -2.368013
18488 244 12250 0.781793 0.379439 1.184308
17237 137 6893 0.229405 0.758121 1.452456
15846 23 1188 0.233888 1.270018 1.459454
15986 144 7243 0.343902 1.665174 1.828004
14552 74 3707 0.239374 0.609599 2.178935
18678 323 16159 0.268026 0.970427 0.732473
18678 334 16745 1.015709 0.152152 1.776307
16687 14 723 0.142875 2.014331 -2.894880
18760 275 13782 0.172932 2.456519 -0.047708
15170 78 3936 0.536390 0.851539 2.042300
18863 49 2496 0.322518 0.903906 1.168276
18863 166 8339 0.257751 2.353013 0.338043
14726 28 1450 0.420862 1.530766 1.969330
17084 10 543 0.367578 2.514707 0.827360
17369 3 162 0.123570 1.968661 -2.020661
17369 3 180 0.266076 1.579341 0.245367
17242 32 1603 0.128911 1.741919 3.087078
17242 63 3195 0.163514 2.249974 0.552884
16802 139 6977 0.694444 0.470197 -2.761795
18929 396 19842 0.121311 2.911766 -1.808326
17849 156 7803 0.634719 2.644706 1.459153
17144 39 1963 0.319590 0.964931 -0.030480
17144 159 7975 0.152333 2.201208 2.663727
17193 3 168 0.186563 1.033835 0.215020
18235 153 7655 0.646249 0.607480 -3.045454
18235 153 7659 0.330421 2.245827 2.723141
18235 200 10047 0.237072 2.788129 -1.696865
16807 27 1356 0.169679 1.450188 2.637975
16038 295 14776 0.413194 1.949408 1.529755
17846 113 5682 0.920119 0.442060 0.836632
17846 135 6755 0.176402 2.174993 -2.654230
17118 65 3281 0.506690 0.907535 0.179997
15236 136 6835 0.207429 2.412678 -1.867248
14817 28 1434 0.141792 0.806818 -2.495953
15893 29 1485 0.205190 2.640268 -0.129569
15893 61 3063 0.370002 2.713820 -0.641989
14708 54 2701 0.472571 0.600238 1.978049
17503 179 8958 0.214656 2.065251 2.779580
16119 133 6668 0.404020 2.057019 2.748909
16776 31 1590 0.342070 2.468763 -1.853984
18512 59 2979 0.530205 0.464789 0.266380
17521 42 2122 0.277314 1.531358 0.464202
17521 65 3296 0.375668 0.739769 2.663176
17855 147 7366 0.603590 2.985793 -2.379556
16022 83 4151 0.155018 2.227734 -2.506175
16458 103 5157 0.459501 0.231164 -2.696636
14716 146 7309 0.725240 2.764222 0.526799
14716 149 7452 0.361659 1.055640 -0.069015
18028 301 15069 0.317004 1.874067 1.599995
15882 61 3084 0.214029 1.283952 -2.730432
14332 74 3727 0.221934 2.891251 0.593732
16935 278 13908 0.207441 1.960436 2.495056
14644 62 3111 0.336030 1.018928 1.406593
14544 57 2865 0.686399 0.939404 1.843771
14544 117 5851 0.261213 2.450266 1.908491
15462 125 6258 0.168812 1.457517 2.818088
18021 532 26637 0.576979 2.940912 0.337032
18021 532 26638 0.213441 1.178254 0.776415
15719 11 584 0.477536 2.620317 1.534203
15719 11 599 0.334856 2.603407 1.011212
14186 204 10214 0.277413 0.823699 0.958501
14575 41 2056 0.272420 0.590940 0.817609
17493 242 12113 0.499553 0.573637 -1.013750
17493 244 12224 0.173760 0.787628 -2.568217
15673 126 6319 0.476403 0.880123 -0.634101
14436 200 10026 0.142105 1.198617 0.831968
18862 348 17441 0.453070 2.838777 0.640400
18862 551 27596 0.431068 2.524057 0.219941
15930 278 13930 0.256395 2.713633 2.129172
15930 278 13935 0.336509 1.815241 0.146613
17132 449 22494 0.277438 2.102819 1.393594
17671 116 5827 1.287564 0.160394 -2.756753
17671 354 17749 0.171725 2.356819 -3.119243
18253 71 3555 0.180505 1.859845 0.620944
18032 391 19571 0.361103 0.803018 1.756123
18779 384 19219 0.219755 1.901626 -1.095560
18779 384 19246 0.514219 1.107364 2.671484
15923 328 16437 0.399789 2.055443 -1.077727
15923 439 21967 0.398938 2.274261 2.771185
17068 31 1586 0.321949 3.030051 1.968155
14367 20 1017 0.383425 2.717409 0.463525
14367 87 4366 0.275409 1.126514 1.469939
14367 165 8294 0.389684 0.712053 -2.328870
17724 16 822 0.592233 0.979859 0.351704
16313 149 7473 0.465238 1.226510 0.634868
16313 198 9919 0.237929 1.012161 -0.577949
16313 251 12595 0.354582 1.595594 2.283165
14954 0 4 0.359097 2.172828 -1.316900
14954 11 581 0.392190 1.251045 1.488052
16232 24 1232 1.184170 0.096767 -1.554529
15910 153 7668 0.261333 1.209794 1.651783
15910 245 12273 0.240287 1.331334 2.565223
18010 182 9123 0.176992 0.548308 0.283988
18010 182 9141 0.114003 0.337473 -0.356376
14749 288 14405 0.179360 1.215564 1.005089
16761 46 2346 0.200371 2.040046 -1.159268
16761 114 5745 0.423477 0.760395 0.822752
17544 14 715 0.366166 2.371926 -1.405772
15902 490 24544 0.286902 1.448821 1.164602
18574 282 14140 0.156269 2.529749 -1.143786
14149 114 5730 0.354964 2.722393 2.086576
17162 47 2353 0.247592 0.917365 1.873640
17162 60 3012 0.200244 2.423498 -0.306496
17030 141 7074 0.221713 2.739311 0.889537
17875 236 11842 0.598632 0.127636 1.253595
14368 177 8893 1.221602 0.032371 -2.402049
15501 269 13495 0.354824 0.364557 0.702580
16776 41 2092 0.717093 0.404465 1.963329
16776 49 2500 0.131350 0.918569 3.096516
18685 149 7482 0.556629 0.196149 -0.729412
17372 85 4267 0.301888 1.287417 -0.703363
17372 85 4298 0.491029 0.638257 -1.325643
17871 359 17995 0.686283 0.563461 1.503381
17110 92 4609 0.482492 0.591426 -1.209305
17110 101 5059 2.304952 0.167440 -0.749885
16850 102 5138 0.160130 2.632989 -2.789485
14555 64 3229 0.346656 2.818048 -2.606227
16724 12 606 0.603944 0.598028 0.866579
16196 94 4745 0.292631 0.164203 0.307936
17240 180 9044 0.398171 2.699499 -1.758679
17240 423 21159 0.366532 2.120669 1.392475
16188 93 4676 0.471623 2.059485 -2.833754
17668 59 2965 0.632504 0.966885 1.684155
17668 85 4292 0.138918 1.624166 0.886340
17668 95 4777 0.179885 2.208168 0.356875
15356 37 1899 1.057428 0.335035 1.862355
18021 368 18408 0.343005 2.178332 -0.907195
18021 368 18422 0.693818 0.195236 1.747667
18021 368 18439 0.147545 2.062892 1.070628
18951 337 16876 0.562076 0.989724 1.745804
15436 179 8990 0.150023 1.621515 -1.998050
17693 175 8784 0.511150 2.415547 1.866650
14332 33 1651 0.527099 2.682670 1.918898
15345 105 5266 0.197364 2.365472 0.202078
14122 90 4514 2.428115 0.073490 2.612935
16893 2 132 0.455333 1.007523 0.705866
16893 46 2337 0.243557 1.371761 1.037538
16893 66 3308 0.607197 1.726761 0.202356
16094 206 10343 0.468677 3.105455 2.696456
15509 92 4630 0.305811 0.837345 2.692625
18225 137 6895 2.038781 0.072982 2.381352
18225 510 25526 0.147086 2.793314 0.404507
18225 510 25550 0.237971 2.652076 -0.173957
16144 0 40 0.173294 2.765556 0.286417
17851 131 6560 0.336776 1.979272 1.002498
16122 86 4345 0.145873 2.536428 1.536592
16122 274 13746 0.387778 1.141331 1.664043
14228 2 128 0.134156 1.959183 0.384496
14228 31 1559 0.917218 2.932651 1.263190
14228 48 2440 0.439730 0.820017 -2.861459
15259 17 866 0.212828 1.330673 2.832559
16843 78 3919 0.206210 1.453984 2.851440
16843 125 6254 0.275480 2.443763 0.749746
16843 265 13278 0.331216 0.073508 2.648626
16964 297 14865 1.241244 0.461116 -1.070697
15529 147 7393 0.484411 1.273784 0.516618
18031 18 939 0.246883 0.870581 2.040896
15589 153 7692 0.189084 0.710421 -2.207946
16023 166 8302 0.447944 2.468501 -0.003035
16023 278 13908 0.213632 2.329299 2.870458
16023 291 14561 2.591394 0.093321 1.669944
16023 457 22884 0.256783 0.819240 3.001236
14884 16 850 0.638409 1.354155 0.871543
14884 185 9258 0.669957 0.351913 2.788977
15478 299 14993 0.663018 2.411310 2.357311
14431 92 4639 0.150684 1.399737 1.232595
17197 19 955 0.255990 2.185799 -2.615084
14990 14 717 0.287993 1.185249 1.257229
14990 118 5918 0.961596 0.430766 1.472578
14990 263 13154 0.167679 2.178303 -1.786607
18463 125 6276 0.364451 0.741244 1.213007
18463 125 6289 0.182945 2.830852 2.032686
18651 193 9659 0.394141 2.868901 0.191301
15382 44 2241 0.118975 0.539767 1.575807
15920 16 836 0.178114 0.962147 2.851625
14990 44 2203 0.292549 2.440939 -0.175269
14990 44 2206 0.173304 1.044731 1.237870
16196 80 4015 0.238982 1.343800 -2.937620
17144 28 1443 1.002344 2.672441 -0.920461
18021 219 10963 0.231776 2.692792 -1.628398
18034 57 2851 0.226753 2.233083 -0.642654
16094 170 8524 0.236155 2.380197 -2.154907
16094 170 8536 0.244921 2.336784 -0.599445
16094 396 19821 0.359859 0.736047 2.444070
18701 61 3054 0.425614 0.008486 0.503867
18701 69 3461 0.228546 2.490085 0.510967
15892 35 1758 0.143161 0.881914 1.674577
17686 346 17339 0.268458 2.801680 -1.099402
17686 361 18082 0.288775 1.220023 0.603755
14445 1 92 0.159636 0.945069 1.196694
14445 105 5254 0.193620 2.734646 -2.437190
14445 105 5261 0.291348 1.530380 -0.980651
18933 372 18610 0.281590 0.842963 2.256394
18933 271 13556 0.153844 2.476423 -0.191569
16769 182 9102 0.502055 1.214554 -0.837622
14275 125 6260 0.356099 0.564977 -1.642592
14165 88 4416 0.296744 2.112253 3.052382
17237 50 2505 0.227430 0.579681 2.022534
17237 479 23955 0.363149 2.022194 0.506121
16389 19 956 0.201755 1.990881 2.524063
16741 46 2343 0.209609 0.225544 -2.397662
16741 101 5070 0.322749 0.725201 -2.602369
15222 13 656 0.374825 0.712176 -2.519771
18926 51 2599 0.242326 1.618972 1.731896
16173 7 351 0.180078 2.211258 -2.307800
16173 64 3205 0.346297 1.251462 2.425640
16173 64 3238 0.203421 0.869996 1.280062
16869 138 6946 0.490984 0.602489 2.536721
14146 87 4380 1.401252 2.778407 0.098967
18923 88 4414 0.384705 0.897861 1.609568
18923 146 7307 0.395329 1.053319 0.859684
18923 330 16540 0.278207 2.712333 1.723606
16731 500 25014 0.261548 1.132400 -0.518011
16731 500 25030 0.291575 1.352077 1.133462
15920 84 4219 0.623828 0.896436 -2.824593
15920 85 4258 0.435980 1.464855 -0.738317
18026 41 2090 1.024508 2.801124 1.838984
18026 60 3002 0.406690 0.756052 1.676441
14726 22 1131 0.343564 1.331521 1.010670
14726 35 1753 0.212090 0.607882 2.235582
17249 105 5253 0.277379 1.307290 1.989263
15243 119 5980 0.169996 2.731508 -0.955797
17692 53 2699 0.235974 1.961792 0.811710
17692 178 8938 0.323966 1.360120 1.498378
15061 178 8939 1.541263 0.127537 -1.979666
16453 113 5698 0.307622 1.194931 -0.575343
16453 248 12411 0.163381 2.503539 -2.736264
18021 16 827 0.142599 2.199289 0.404282
16888 284 14249 0.177919 2.570926 -2.697644
16888 516 25816 0.295341 1.985935 0.298445
17165 50 2506 0.280598 0.715685 -0.999166
17045 1 91 0.333672 2.754397 1.244113
18924 32 1645 0.278510 1.619186 0.653509
18924 104 5231 0.702830 0.389936 3.041958
18924 107 5381 0.936178 0.330135 -0.600426
14899 179 8987 0.326486 2.270523 2.684219
15882 150 7516 0.416404 2.838668 -2.295285
14298 67 3362 2.425560 0.198601 1.675005
18924 33 1676 0.226781 0.675514 -2.180316
15783 386 19311 0.518761 2.758411 -1.173370
15783 386 19324 0.261920 0.836446 1.423133
15783 391 19558 0.363268 0.403903 -2.649848
16921 129 6460 0.120761 0.689583 0.571769
16921 129 6482 0.467828 2.233960 -1.928562
14568 30 1538 0.210169 2.549804 -0.637488
16112 252 12602 0.240670 2.816731 1.852165
16112 252 12620 0.303454 1.328443 0.513601
15074 73 3669 0.124727 2.131235 -2.652879
15074 109 5471 0.242976 0.700160 2.715105
14740 15 751 0.451089 0.796209 -0.451660
17055 87 4358 0.172891 2.100045 -0.368594
17055 87 4380 0.137176 2.141442 -2.722391
17055 309 15464 0.172466 0.580651 2.127058
16021 432 21640 0.391690 1.057442 -2.251632
15497 165 8280 0.282699 0.713282 2.653327
15497 370 18546 0.185102 2.222994 1.903035
14878 67 3361 0.184664 2.136248 -3.047163
14878 99 4996 0.325856 2.360596 -2.071098
18233 120 6027 0.728505 0.788602 1.725317
17700 87 4375 0.615779 0.296920 0.442194
17700 87 4376 0.293200 2.463182 1.421884
16664 125 6295 0.236027 0.073128 -2.741510
14202 42 2102 0.357879 1.469243 0.970848
18031 29 1463 0.472009 2.374957 2.311343
18031 185 9276 0.521087 0.416240 -1.817043
18031 344 17236 0.558762 1.215470 -3.001628
17655 234 11714 0.149848 0.620804 -2.866003
18933 24 1202 0.145394 3.077000 0.197488
18933 35 1757 1.968151 0.174545 -0.376342
15917 378 18946 0.409552 2.111216 -2.872607
17354 19 963 0.137030 2.421934 -0.438322
17871 32 1623 0.280288 2.394541 -2.335145
18750 223 11152 0.166403 2.290282 0.877833
14157 100 5019 0.200812 2.509345 -2.863688
14349 3 159 0.267605 0.865505 -2.815888
14349 3 196 0.223873 2.631242 1.923688
14349 24 1201 0.229118 2.002324 -2.531915
14349 42 2140 0.300085 1.671707 -0.899224
17352 278 13918 0.479141 1.095453 1.027045
14912 241 12097 0.492594 1.548913 -2.381448
17334 201 10073 0.176268 1.179271 1.923658
18491 82 4102 0.452183 1.396735 1.719205
15501 257 12883 0.251979 2.520547 -2.409567
16152 27 1364 0.137989 2.453320 -0.627382
14338 270 13514 0.152060 1.570796 1.553751
16964 536 26840 0.331671 1.587765 1.380055
14543 274 13743 0.326054 0.824131 2.610367
18923 124 6217 0.813962 0.397570 1.511449
14945 25 1253 0.120591 1.127399 0.806047
14945 26 1348 1.104521 0.233956 2.063414
17132 134 6725 0.186688 0.536888 0.921907
17458 164 8220 0.475574 1.145967 -0.226023
14884 92 4646 0.134803 3.098098 1.678741
14884 95 4790 0.240640 0.937889 2.020005
15106 15 786 0.374692 2.571493 1.406182
15106 31 1579 0.264852 2.582384 2.967257
14356 299 14996 0.250139 2.572862 -1.001253
14356 323 16187 0.505821 0.337107 -2.060767
16467 302 15120 0.314018 0.699506 -2.460160
16467 302 15133 0.180321 1.883421 -2.406128
17492 55 2800 0.307980 0.949541 -2.165966
14741 224 11208 0.307390 3.014863 -0.709006
14741 224 11245 0.203685 1.630983 0.499478
15420 66 3310 2.331730 0.134358 -1.570682
15074 108 5418 0.276515 2.642826 2.645585
18577 234 11714 0.222463 2.175884 0.950469
18577 267 13366 0.136182 1.094664 1.116468
18577 267 13397 0.282331 2.862359 -1.750018
15930 297 14882 0.305500 0.782881 -2.506615
15930 327 16363 0.299018 3.085801 -0.319847
17561 208 10434 0.411445 0.495790 -1.734921
16854 51 2586 0.200140 0.294557 2.712129
16854 51 2590 0.440391 0.620703 1.307259
15701 518 25902 0.140552 1.175053 -0.155262
15701 522 26148 0.188499 0.796332 -0.176081
16793 2 101 0.155328 1.892959 2.386790
16793 73 3684 0.238856 2.109981 -3.124055
16850 206 10334 0.279024 0.852351 -1.629015
15086 139 6969 0.179564 1.028571 -2.534608
15785 47 2371 0.392046 1.024224 2.112958
14870 221 11098 0.453176 0.960667 1.430364
16080 18 916 0.415608 0.678201 1.330234
16080 53 2688 0.120520 2.653723 -1.504634
16219 204 10205 0.185575 2.316999 -2.600179
16219 253 12660 2.012956 0.186932 0.339589
16511 24 1229 0.401695 0.352277 2.300167
16511 147 7391 0.221378 0.395136 -1.799608
17589 30 1545 0.346736 0.744547 2.260751
17589 34 1732 0.335380 1.085968 -2.271100
16021 77 3857 0.115506 1.420636 -1.365196
16021 300 15001 0.330209 2.828242 -0.975133
17835 156 7828 0.176851 0.605031 3.113126
18001 4 249 0.242343 2.358242 -3.030958
17990 103 5166 0.219198 1.484232 1.724826
15100 5 272 0.309325 2.696040 3.000686
18692 45 2286 0.698115 2.943860 -2.504073
18692 83 4151 0.337720 2.335394 -2.550078
17698 36 1812 0.174035 2.156434 2.331304
17698 87 4378 0.473663 2.557489 -1.771052
14788 30 1502 0.258845 0.982720 2.490460
14788 32 1631 0.214577 2.763812 0.365525
14788 66 3314 0.845761 3.017023 -1.210200
15877 160 8022 2.243551 0.263862 -1.700810
15877 241 12058 0.125151 2.355090 2.934670
15877 241 12078 0.265983 2.387019 -2.875531
17956 218 10905 0.584215 1.075996 2.394865
17956 218 10949 0.308555 2.584119 0.831759
17851 44 2233 0.284300 2.836020 -2.245577
17641 12 640 0.481503 0.725498 -1.464557
15519 12 628 0.316482 2.917214 3.113403
15519 36 1802 0.453705 2.479279 -0.969910
15519 37 1896 0.484694 1.466174 -2.599732
16741 499 24958 0.209827 2.826793 -0.211183
16946 110 5522 0.576950 0.246635 2.337709
18048 219 10989 0.261125 0.960126 0.409397
18048 291 14596 0.280201 2.662939 0.604893
17208 42 2142 0.528287 0.577127 0.910724
14150 38 1910 0.174248 1.424214 2.498370
14150 50 2548 0.172352 0.875631 -2.542507
14150 60 3001 0.234970 0.991811 0.916443
14246 136 6847 0.377680 2.857943 1.026314
15369 25 1270 2.226906 0.156299 1.868358
18685 54 2724 0.435978 0.445940 -2.127061
18685 245 12288 0.312714 0.720155 2.976315
14445 23 1170 0.307268 0.969140 1.273630
14445 70 3510 0.323641 0.539604 -2.429518
17181 78 3917 0.242866 2.880917 0.341485
15343 207 10366 0.242224 2.222476 1.665745
17874 8 445 0.414479 1.560573 2.028862
18765 171 8564 0.249775 1.568233 -2.454391
18765 171 8578 0.170329 2.617910 -1.560811
14775 3 170 0.304981 0.941470 1.779151
14775 35 1791 0.204991 1.324949 2.792993
17048 18 902 0.400619 2.256777 1.719833
17048 46 2315 0.512101 2.707871 -1.798406
17048 59 2972 0.499728 0.517231 0.862363
15875 46 2307 0.277153 0.597476 0.064777
15875 99 4976 0.392615 2.585090 -1.813752
16303 62 3123 0.285996 2.812493 -1.403449
16303 125 6261 0.631525 0.521158 1.604055
16303 125 6275 0.341039 2.039630 0.366128
15345 90 4534 0.351520 2.269211 -2.417925
16955 80 4038 0.217486 2.478471 -2.051860
16955 94 4717 0.178551 1.297952 -0.768776
18514 33 1694 0.709454 2.925591 -1.795511
17719 56 2825 0.309526 0.815908 2.544485
17719 56 2844 0.291162 2.876931 -2.055847
16065 74 3739 0.335664 2.922892 -0.320939
16065 102 5122 0.174902 2.680605 1.308701
18678 62 3146 0.957475 0.064858 2.128235
18678 192 9630 0.477203 1.343378 1.342984
18678 192 9650 0.320979 2.301049 0.389680
17866 157 7885 0.447074 2.906704 -0.578101
18027 33 1655 1.211134 2.800647 2.470608
16387 178 8907 0.288724 2.505593 -1.164122
16387 178 8950 0.232253 1.289259 2.172223
16028 183 9179 0.256083 2.839778 0.586244
16028 515 25788 0.332274 0.959369 1.411512
17847 163 8199 0.266722 0.479500 1.933914
17847 177 8868 0.347512 1.968596 1.886825
14611 117 5879 0.225891 0.837009 1.552950
15316 67 3388 0.246235 1.388388 -1.720561
15316 104 5232 0.188990 0.977072 -0.492756
15497 26 1323 0.308012 1.455367 1.982163
18955 118 5904 0.325929 2.727508 -1.047548
15234 146 7307 0.381368 1.922619 0.301849
18947 204 10223 0.183334 2.625958 -0.981948
18952 0 15 0.311121 0.934332 -2.462674
18028 331 16590 1.164638 0.196194 2.774334
14165 45 2286 0.227972 1.492485 -1.331164
14165 93 4670 0.253558 1.408588 -2.552276
18631 194 9721 0.419836 2.813156 -2.160111
18631 194 9728 0.333925 3.079666 -2.823234
17996 6 339 0.208219 2.695551 -2.518856
17996 6 347 0.338391 2.645490 -1.158378
17996 11 573 0.314095 0.154219 -2.755026
17996 24 1210 0.242235 2.640727 -0.662155
17996 24 1228 0.448485 0.969920 -2.887228
18928 83 4170 0.387582 0.631668 2.284661
17696 147 7365 0.295432 0.855122 0.891243
17696 156 7804 0.127573 2.160614 -0.007537
15916 340 17045 0.471806 1.197846 1.191988
18752 25 1289 0.282168 2.743233 -2.416398
17972 48 2419 0.370414 0.624694 -1.796585
18265 76 3804 0.124802 1.706466 1.550798
18265 90 4525 0.274033 2.438162 -1.718008
17671 197 9864 0.348879 1.650211 2.050647
17671 197 9896 0.331542 2.229911 1.029326
17237 463 23189 0.271475 1.186368 -0.905485
17956 200 10003 1.021554 2.948064 -0.371771
14439 15 770 0.232732 2.196008 -2.925972
17835 36 1818 0.137333 0.475194 -1.857335
17131 49 2460 0.311899 2.277390 0.448058
15257 169 8490 0.452794 0.934464 1.130199
16926 76 3835 0.182698 2.261180 -0.126842
16926 114 5703 0.307892 0.982954 1.447254
18010 25 1268 0.365464 2.146950 0.931122
18010 25 1288 1.706034 0.071306 -2.415026
18010 142 7107 0.258931 1.605288 1.980801
17065 148 7444 0.638492 1.246417 -2.593769
17065 177 8871 0.228349 0.834153 -2.568468
14274 28 1440 0.223052 1.477813 0.733257
14274 156 7844 0.416049 1.426622 2.456810
15128 160 8009 0.880377 0.268862 -0.851858
14957 48 2433 0.183843 1.672044 -1.011330
15511 24 1230 0.656515 2.147305 -1.558001
15511 24 1249 0.158305 0.440189 -1.065018
16694 25 1285 0.452632 1.159592 2.985450
16694 302 15136 0.197273 2.098343 2.915690
14782 63 3191 0.194300 2.447144 0.600384
14782 64 3227 0.190165 0.762798 3.118043
16125 3 189 1.213592 0.186414 -0.384135
14949 54 2726 0.211060 1.273405 2.513550
15353 50 2541 0.290053 1.416900 1.219323
17203 24 1209 0.155905 0.618893 0.908506
18659 54 2743 0.142085 0.637995 -0.403459
18659 54 2750 0.716962 2.860433 1.789227
15878 15 763 0.469687 2.408572 3.066256
15878 69 3467 0.519480 0.535436 -2.524891
18516 77 3885 0.469323 2.847551 -1.117192
15345 223 11180 0.576742 0.685238 0.578537
17996 97 4898 0.953507 2.968330 -0.231433
15391 268 13407 0.316671 0.540407 1.585284
18862 4 204 0.388914 1.230043 1.130643
18760 160 8024 0.115987 1.098816 0.575059
18760 250 12502 0.233007 0.731699 0.941110
15588 340 17026 0.286782 1.136328 1.614344
17793 13 667 0.318827 2.666328 -3.006987
15502 126 6340 0.332820 0.938943 1.412558
17865 396 19829 0.582092 0.180281 -0.058413
18619 73 3698 0.136193 1.176176 2.968438
14927 82 4140 0.358310 1.613282 1.614169
14212 76 3818 0.129653 1.031983 -0.276864
18232 23 1192 0.416232 0.448058 -1.801626
15335 189 9495 0.186464 2.201014 -0.375076
15335 238 11905 0.128481 2.398320 2.724448
14191 30 1548 0.174506 1.665297 0.356467
14191 150 7514 0.169740 2.656016 -1.289802
16759 25 1274 1.772745 0.209939 -1.030661
17484 41 2056 0.377894 2.242336 0.509836
16551 35 1761 0.253421 1.096408 1.957954
17206 451 22582 0.549313 0.403813 -1.007186
14939 88 4410 2.419917 3.078682 0.168261
18732 118 5942 0.505904 2.643005 0.582356
18732 166 8350 0.380005 2.702694 2.157753
18732 314 15726 0.170299 2.579364 -2.346619
18732 314 15735 0.183879 2.472089 3.038165
14993 83 4160 0.390377 0.807850 0.877550
16209 117 5893 0.200179 0.886158 -2.172849
16272 11 561 0.241528 1.727998 -1.950514
16272 11 594 0.135704 2.338833 -0.213320
16272 159 7996 0.322972 0.488239 -3.008831
16272 215 10763 0.155113 2.635015 2.809221
15997 57 2869 0.387366 2.471002 -1.458226
17818 2 103 0.370723 2.523474 0.827237
17818 19 972 0.435183 2.090456 0.462170
15780 27 1353 0.154969 2.599011 0.436248
15780 52 2609 0.253589 1.655860 -2.847252
15762 104 5232 0.170225 2.484451 2.406670
17986 123 6177 0.242697 2.363667 -0.431224
14558 148 7404 0.358724 2.273808 0.441637
18957 511 25555 0.476384 2.833620 0.775254
15469 128 6416 0.295965 0.884450 -0.859691
14259 187 9373 0.166935 2.637409 0.401145
15398 295 14782 0.337688 2.387362 -2.962174
15398 295 14783 0.163059 1.743778 -0.587221
16125 168 8406 0.231235 2.205446 1.177524
15116 59 2990 0.301467 2.600538 -2.995342
15116 157 7859 0.297674 2.263380 0.207010
15116 157 7864 0.246913 2.624890 1.922523
15116 265 13290 0.193713 2.806533 -0.214981
14607 295 14774 0.250777 0.285503 0.346107
14685 26 1325 0.141435 2.688736 -0.397510
14218 51 2586 0.450297 0.456024 0.557845
14218 191 9587 0.560248 0.575938 2.528800
17034 116 5815 0.307701 0.233719 2.171505
17034 260 13002 0.151524 2.509175 2.942476
18028 75 3776 0.347107 0.999591 2.165922
16141 99 4974 0.401519 1.415726 0.823530
16141 196 9809 0.221238 1.560313 1.590284
16301 183 9164 0.234275 2.225020 -0.061663
15097 131 6552 0.254148 0.683671 -3.074824
18574 204 10234 0.301101 2.578894 0.420369
18574 357 17855 0.248586 1.137400 -2.966880
15667 24 1222 0.209456 2.284429 0.110070
16242 87 4362 0.473097 0.742796 1.601258
16242 102 5148 0.133993 1.064901 -0.499014
15147 0 17 0.255109 1.523293 1.180333
15147 98 4905 0.147000 2.923491 -0.166131
16424 311 15587 0.495532 2.670059 -0.888011
18021 116 5844 0.370012 0.796767 0.634170
17057 38 1905 0.692953 0.418308 -0.633945
16446 91 4572 0.127439 1.585110 1.492446
18048 266 13334 0.343047 2.473065 -1.652643
18048 292 14638 0.439091 2.313507 0.094660
18574 103 5162 0.202587 1.270082 2.702921
18574 207 10382 0.387992 0.775881 -2.443585
17833 0 8 0.130584 0.947550 -2.341915
17833 57 2856 0.206348 0.682787 0.564951
14127 216 10832 0.408600 1.151440 1.259115
14899 17 871 0.294622 0.550306 -2.432360
14899 78 3935 0.352914 1.430790 1.531646
14899 84 4239 0.249808 2.504403 0.589831
18676 118 5917 0.218322 1.136504 0.395183
18676 118 5922 0.161593 2.561014 -0.351868
15870 23 1187 0.292509 2.691416 2.367995
15870 240 12043 0.393258 0.115144 -0.868112
17847 425 21266 0.201791 2.703068 1.848064
17847 437 21882 0.409997 2.695353 2.822922
14234 30 1535 0.416943 1.226903 1.243802
14955 8 405 0.149905 1.397135 1.009925
14392 171 8567 0.414985 0.659311 -0.672724
18031 264 13201 0.211943 2.319709 3.054927
14785 25 1293 0.186610 2.290846 -2.966748
14785 64 3225 0.213061 1.461325 -2.380245
17655 175 8785 0.272100 2.536918 1.957817
15262 105 5278 0.239390 1.478747 2.954901
16052 340 17021 0.275479 0.642954 -1.965434
16052 434 21748 0.539178 0.781174 0.437659
17684 38 1939 0.211089 0.942274 -1.765441
14526 104 5225 0.445911 0.814530 2.280862
17169 378 18944 0.703350 0.276852 2.232381
17397 80 4010 0.404394 0.886677 1.571289
17397 103 5156 0.274833 1.110812 1.628982
17397 118 5913 0.411706 1.547593 -0.332673
15865 2 102 0.631287 1.066972 1.617508
17121 25 1257 0.146370 0.783604 0.082729
17875 94 4726 0.288360 1.162647 -0.482125
17875 94 4740 0.334617 2.820640 -1.149382
17875 94 4749 0.406156 2.846906 -1.259338
17851 132 6649 0.133464 1.529128 2.156816
14621 36 1841 0.420495 2.612816 -0.813045
18951 352 17623 0.496950 2.262641 -1.575374
18951 450 22531 0.199774 1.173724 -1.417124
16141 109 5493 0.301008 1.310036 -2.620511
15421 18 944 0.364714 2.971023 0.179307
15421 81 4065 0.331806 2.409201 0.807450
18676 436 21816 0.758995 0.439722 0.968572
17257 91 4567 0.307356 0.464579 -3.137331
15519 33 1686 0.217420 1.323534 1.101163
15457 18 947 0.247456 1.993486 2.820343
14873 17 886 1.286371 0.349431 1.491425
14873 241 12053 0.480379 2.016553 -2.266514
18233 72 3625 0.319620 2.917998 -1.531838
15801 520 26035 0.243949 1.650165 -0.139799
16028 83 4196 0.276820 0.447590 -0.547426
16028 126 6301 0.191420 2.494658 -2.400479
16028 416 20814 0.258194 0.783621 2.223844
15500 120 6003 0.482339 1.462000 1.589463
14124 253 12690 0.395440 1.059361 1.715589
18032 38 1908 0.568980 0.558710 2.594581
17448 186 9310 0.278868 1.013673 1.702981
14545 132 6613 0.267791 0.210954 2.101776
17414 60 3014 0.333589 0.428347 -0.154109
17414 146 7305 0.544796 0.676293 1.544318
18021 253 12686 0.205857 1.253104 -0.879732
15677 352 17602 0.369870 1.583736 -0.725594
14729 13 669 1.600524 0.483153 -0.507191
16052 268 13413 0.285264 2.175901 1.868575
15917 168 8407 0.406211 2.041513 -2.125344
18639 181 9081 0.306492 2.666734 0.560230
14356 313 15693 0.286259 2.990118 -2.899574
16386 11 586 0.295549 0.956026 -1.988765
16386 56 2803 0.269286 2.073158 -2.735240
15875 300 15014 0.297188 2.712535 -1.665569
15676 208 10437 0.715000 0.619564 2.173193
14549 3 156 0.128009 1.018985 -3.098661
15447 224 11243 0.365300 0.537322 2.219638
18717 89 4453 2.369600 0.088128 2.040356
17722 115 5762 0.497114 0.278206 -1.766224
18697 273 13681 0.308210 1.453954 1.943842
18697 344 17223 0.259605 2.463442 -0.595636
15291 3 157 0.275048 0.192792 -1.237694
15291 3 166 0.167977 2.414006 -0.761037
15291 15 773 0.521122 2.497849 -0.085628
18245 42 2116 0.427173 1.002558 2.281530
18032 382 19142 0.266561 0.638555 -2.400658
18032 398 19939 2.434181 0.171965 2.730699
17036 172 8616 0.279069 1.182968 2.442809
15844 0 48 0.354739 0.751554 1.983080
15844 28 1411 0.259645 1.336983 1.165709
17056 173 8657 0.824380 0.298934 2.986729
17056 173 8680 0.143852 2.847809 -1.927570
15436 93 4665 0.151291 2.426198 2.937212
15436 174 8704 1.316569 0.171602 -1.463181
14375 235 11797 0.346868 1.299539 1.124719
15722 171 8561 0.212113 0.856546 -0.692189
16250 144 7225 0.323102 0.309262 1.961157
16250 144 7235 0.196865 1.819017 0.236537
16506 200 10041 0.316443 2.688774 1.868182
15709 28 1445 0.505771 0.107517 0.534164
15709 29 1492 0.406336 1.220214 2.271948
15709 97 4880 0.162317 2.404497 1.937774
18955 352 17602 0.192522 1.151606 1.774877
18955 404 20207 1.131405 0.236869 2.739518
18676 297 14865 0.213077 2.255487 3.133271
18676 297 14880 0.402331 0.570217 1.632966
16888 31 1566 0.244109 0.672641 2.106602
16888 31 1581 0.560988 0.395876 -3.068085
16888 251 12584 0.398212 2.293882 -0.492812
14297 118 5936 0.337999 1.515715 2.656104
14297 291 14557 0.161451 2.315212 -2.673040
15500 46 2331 1.482140 0.530932 -1.047497
18647 210 10517 0.418585 2.731304 1.331686
14902 107 5359 0.277437 0.701205 -1.858624
18474 151 7558 0.273654 2.060680 -0.965485
14990 124 6236 0.191124 1.071562 0.897584
15386 55 2767 0.206379 2.609098 -1.101579
14584 188 9421 0.125774 1.298936 -0.262111
15422 65 3277 0.270473 1.201235 1.457531
15900 42 2148 0.289209 2.636626 -2.353557
18242 160 8001 0.244754 2.030786 -1.094796
18242 160 8020 0.261816 2.674036 0.823161
18903 88 4412 0.433444 1.252323 1.570636
15861 20 1002 0.256819 2.052865 2.390754
15861 89 4451 0.437158 0.716449 0.920196
15981 78 3938 0.270168 0.682862 2.176610
17055 348 17450 0.184385 2.012208 1.438132
17055 426 21337 0.210064 1.979609 -2.138366
17055 448 22437 0.262287 2.758706 0.615005
14342 212 10645 2.267186 0.029073 2.759259
14342 229 11458 0.250748 1.514309 -2.711476
15111 143 7165 0.318720 2.595365 1.595532
17156 3 170 0.883393 0.646203 -0.748779
14162 57 2860 0.126199 2.145214 0.883134
15603 121 6064 0.258877 0.493685 2.079408
14710 17 857 0.234291 2.937919 0.427305
18753 88 4431 0.276200 2.424383 1.488964
18753 130 6537 0.245362 2.668991 -0.171784
18753 216 10825 0.344655 2.826627 1.235362
18753 221 11075 0.250060 0.754697 -2.904393
18647 133 6675 0.179849 0.646567 0.531974
15416 87 4355 0.399552 1.249759 -2.631820
15416 89 4456 0.250469 1.834902 -1.047074
15416 121 6094 0.212380 2.852839 -2.872494
18246 35 1759 0.393120 0.521814 1.210010
15715 120 6038 0.305153 2.833789 1.650002
15715 187 9369 0.160323 2.655668 -1.479932
17240 50 2505 0.154909 1.735914 0.091842
15161 26 1346 0.927414 0.104772 -0.731156
15161 65 3272 0.139041 2.692479 -2.584396
15161 196 9817 0.220816 0.976792 -2.625393
16420 8 411 0.183082 1.387646 2.736569
15963 33 1676 0.212344 2.911913 -2.684307
17956 332 16609 2.074297 0.027367 2.533676
16453 175 8784 0.368126 0.836434 -2.394122
17383 8 433 0.226537 1.945094 1.051216
15689 15 795 0.148908 2.173833 -2.939212
15689 93 4665 0.177912 1.582210 1.569408
14675 63 3200 0.170589 2.405333 -3.087519
15783 201 10059 0.441203 0.488684 -1.559794
15783 375 18770 0.268529 1.574599 1.571887
14897 33 1676 0.113989 1.130123 2.776203
17440 78 3907 0.451318 0.864579 2.242797
17449 40 2010 0.354319 1.746598 1.524085
14991 224 11229 0.228826 1.131501 2.344206
15136 44 2232 0.270921 2.297759 0.279916
15136 65 3284 0.219539 2.137374 -2.663765
17231 47 2396 0.295181 1.966489 0.003698
17331 7 373 0.190501 1.274614 0.695456
17331 10 518 0.500776 0.543986 2.191317
17331 25 1258 0.388244 1.745449 1.842329
14697 65 3268 0.464359 1.156589 1.282596
14697 65 3286 0.259456 2.164119 2.558156
14697 65 3296 0.223884 2.347162 -1.350337
14697 92 4648 0.347793 0.876532 0.550382
18242 31 1574 0.286367 2.501385 2.904662
15478 188 9407 0.199848 2.225008 -1.179354
18790 11 554 0.231592 2.428015 -3.042272
16115 4 244 0.236869 2.595383 -0.988586
16115 18 907 0.186053 2.419466 0.693210
17390 55 2776 0.142245 2.152267 -2.979260
17195 3 198 0.130306 2.178214 0.030086
17195 193 9690 0.214857 1.417361 0.411960
17493 263 13155 0.262041 2.808692 2.487589
15479 292 14645 0.442686 0.996683 0.887118
17698 71 3560 0.211080 0.429157 -2.337828
17572 10 531 0.449430 1.131361 -2.003162
17572 40 2030 0.170845 1.444852 -0.077358
18021 31 1585 0.253393 3.004571 1.110249
15846 111 5593 0.211318 1.946832 -2.266938
18766 8 409 0.133646 2.040241 3.125543
16267 69 3462 2.279553 2.974979 -0.091768
16267 86 4331 0.221232 0.359155 -1.009653
16267 121 6077 0.430795 1.037170 1.573703
18235 128 6411 0.244433 0.832236 -2.455978
18235 128 6416 2.505438 0.100157 2.028899
18235 128 6450 0.199043 2.494308 -0.389491
17053 22 1106 0.598232 0.602209 -0.846370
15933 91 4560 0.181684 2.322862 -0.524880
16281 382 19124 0.116748 1.307257 -1.999081
14278 11 562 0.206725 1.857882 1.973292
17753 95 4779 0.386513 0.904258 2.190136
17753 182 9127 0.166611 0.865831 2.219296
17753 182 9138 0.294814 2.591036 -0.645624
17753 186 9326 0.246472 2.593683 2.328452
15463 342 17120 0.423458 1.034916 1.364027
15463 342 17121 0.400185 2.523136 -2.990536
15463 377 18872 0.317990 2.546063 2.618389
15463 436 21813 0.562573 0.890730 1.839908
18634 19 959 0.434555 0.381033 1.503639
17850 62 3125 0.459370 0.830811 -2.362220
14699 5 288 1.873342 0.261533 0.799900
14699 6 321 0.516679 1.039436 -2.129934
14699 12 603 0.281471 0.551715 1.834810
17870 0 10 0.137101 1.567958 -0.243101
17875 226 11331 0.131447 2.431021 -2.866821
15682 105 5278 0.369520 1.153461 1.465096
18634 141 7081 0.183309 1.957878 -0.596967
15946 96 4822 0.310986 1.255861 0.905316
15946 248 12432 2.419829 0.132768 2.864655
15946 326 16344 0.358051 1.287234 2.583234
15291 113 5696 0.334383 0.112689 2.845054
17495 216 10848 0.482976 0.223454 -2.844142
14635 28 1419 0.265929 2.454558 3.005595
15529 201 10083 0.205387 2.349028 -1.280346
15246 122 6123 1.240254 0.331375 0.993208
14164 33 1667 0.149006 2.594946 -3.102669
15099 50 2548 0.209243 2.747332 -0.515993
15099 110 5537 0.311668 2.707444 0.640381
17503 29 1500 0.868433 3.109405 0.869987
17503 59 2962 0.311214 1.269259 2.822786
17503 138 6932 0.141168 1.897886 0.626419
18955 247 12359 0.266573 2.524084 1.873011
15450 63 3178 0.179712 2.627615 3.013457
15450 101 5052 0.320868 0.741987 -2.266978
15450 215 10771 0.164978 0.902137 0.450837
17675 82 4128 0.455615 2.056699 0.005646
14921 10 536 0.227443 1.995534 3.137372
14921 29 1455 1.869290 0.096702 -1.873455
15591 65 3270 0.177268 2.461082 1.492700
14539 164 8220 0.269910 0.710958 1.966069
16978 76 3834 0.260147 1.493801 1.060665
16172 133 6670 0.129939 1.666772 1.309757
17043 35 1772 0.311069 0.719883 1.216728
16352 62 3139 0.508403 2.454748 1.241073
16352 165 8294 0.205296 1.280480 -0.246803
16469 23 1177 0.467306 0.356034 -1.504799
16469 36 1813 0.349394 2.243282 -2.788179
15117 3 151 0.142063 0.508658 1.108529
15117 68 3403 0.692030 0.104682 -1.436189
16890 14 724 0.315022 0.985524 -0.052258
16890 41 2069 0.200925 2.576820 -2.605407
14175 30 1527 0.422013 0.801600 2.472221
14175 67 3386 0.316741 0.518072 3.071474
14772 201 10085 0.361486 1.633520 -3.025912
14636 33 1668 0.207408 0.830044 2.019168
18508 90 4541 0.364746 2.552030 -3.112951
17313 206 10320 0.452973 2.405827 -2.863348
18753 55 2757 0.333333 1.982634 -0.165834
18753 117 5885 0.476655 2.825946 -2.183129
18753 136 6801 0.137131 1.196256 1.153711
18770 27 1362 0.178930 1.073095 0.141459
15160 394 19720 0.767693 0.475683 1.207034
17056 57 2899 0.304405 2.553496 0.850645
17056 110 5516 1.374464 0.116330 -2.366908
17056 227 11373 0.280344 2.440529 -1.518659
18039 70 3518 0.231709 2.253134 3.047827
15097 46 2324 0.254129 2.007285 -2.521956
15097 46 2345 0.202051 1.141268 0.608646
18234 118 5915 0.342004 0.642759 1.957624
18234 118 5942 0.244813 2.333162 -2.461438
17978 308 15413 0.331799 1.351013 1.601062
14770 101 5077 0.859087 2.841333 1.254511
14770 106 5305 0.219620 0.848602 -1.192142
17459 210 10526 0.234013 1.140663 2.711622
15801 270 13505 0.213878 0.485148 2.887378
15797 31 1552 0.319121 2.545558 0.251235
15014 1 66 0.165332 0.940235 2.966302
15014 79 4000 0.221019 2.459686 -0.240563
17361 116 5850 0.439544 0.464656 -1.884487
18926 138 6902 0.212865 2.755677 -0.276913
18463 153 7680 0.238336 1.297953 -2.605320
17482 43 2160 0.256261 2.025185 0.952201
17482 140 7032 0.536115 0.111583 -1.535572
15294 99 4961 0.309477 0.822602 0.873170
18245 61 3086 0.341620 1.069677 0.981468
17067 13 668 0.200991 2.370885 1.699107
15410 58 2946 0.277450 2.328173 0.403201
18750 140 7046 0.125825 0.859177 2.485730
16802 308 15432 0.148122 1.642329 -2.150894
17460 21 1065 0.223078 2.312495 -2.114697
16160 84 4249 0.731116 0.652403 1.780771
15495 39 1963 0.284183 1.504739 -1.505303
18499 82 4149 0.346515 0.520023 -0.242841
15498 6 304 0.282213 2.549609 -0.246856
17251 28 1407 0.472710 2.517017 -0.245675
17251 64 3213 0.403042 0.948526 1.538454
16896 43 2170 0.367701 0.772117 2.798016
15785 239 11963 0.233774 2.437407 -0.438959
15287 34 1732 0.585559 0.732014 0.339918
18929 72 3625 0.257710 0.889688 0.648661
15501 145 7258 0.595094 0.854424 1.826275
15501 273 13699 2.030689 0.064766 1.841566
14575 10 515 0.333987 1.769115 1.269618
14575 16 835 0.304100 1.269106 1.895061
17591 136 6817 0.214309 1.994489 2.646638
15412 198 9945 0.374907 1.397320 2.619117
18748 226 11336 0.259642 1.375342 2.708405
18049 81 4085 0.395461 2.329626 -1.512242
14907 160 8034 0.396872 1.464886 1.777235
15489 170 8518 0.853341 0.978745 -1.800403
16107 92 4611 0.374621 0.862901 0.545395
16107 141 7059 0.282768 2.637244 1.612046
14250 10 501 1.335563 0.294906 2.731407
14535 52 2603 0.491127 2.222255 -2.268144
16022 169 8456 0.190002 2.427462 1.080078
17400 137 6871 0.531163 1.188306 0.266346
17853 77 3881 0.357784 1.039370 -2.493971
18676 333 16700 0.371637 1.215726 1.199916
17409 74 3745 2.506916 0.190020 2.121271
18918 11 574 0.263742 0.867002 2.418958
18918 115 5768 0.246113 2.485918 1.262300
17388 53 2684 0.203248 1.111419 0.428910
18516 128 6445 0.274819 0.843867 1.744738
16403 39 1959 0.190237 1.173066 1.294938
16403 39 2000 0.692010 2.715523 -1.708613
15588 244 12249 0.416419 0.797303 0.852478
15588 252 12650 0.269092 0.988466 0.431417
16565 2 114 0.218025 0.992787 -2.536101
16565 2 119 0.398117 0.932924 -0.148373
18690 10 512 0.127426 2.086044 0.948059
18690 28 1425 0.485502 2.702479 -1.893256
18690 52 2616 0.120180 1.858867 -2.965036
18286 147 7387 0.514028 0.654427 1.798184
15013 23 1156 0.390221 0.655802 -1.721190
15013 23 1197 0.394193 1.224209 0.555592
15013 48 2423 0.224032 2.541978 -2.340326
18242 163 8188 0.398674 0.356312 -1.058360
17194 54 2739 0.452709 0.549812 1.189929
15443 28 1435 0.345828 1.851206 1.324524
16536 23 1195 0.679555 0.047244 -3.074176
16536 56 2848 0.515472 2.503716 1.825573
17849 1 64 1.183988 0.192039 0.340523
16965 85 4257 0.510283 0.542975 -2.184254
16965 85 4300 0.253712 2.475535 0.729438
16920 72 3610 0.223837 0.444982 0.631005
15250 9 472 0.136805 0.563375 0.809559
15250 14 729 0.222451 1.893055 2.358540
15250 15 792 0.202066 2.046731 0.363269
16453 281 14080 0.272587 2.272359 -1.219458
14299 64 3227 0.457326 0.625610 -2.641136
14299 66 3336 0.255112 1.536579 -1.588989
15163 3 166 0.293285 1.463199 0.638139
14623 173 8664 0.381262 0.929756 0.585864
17791 54 2728 0.561263 0.583765 2.417117
18954 431 21587 0.183318 2.115805 -1.587802
17623 10 522 0.254388 2.685985 0.193798
15361 114 5710 0.329689 1.966771 -0.546135
15231 0 33 0.476884 2.494797 -2.210884
15231 140 7040 1.702725 0.229642 0.779840
18701 227 11370 0.257387 2.261636 3.050349
17869 190 9517 0.204562 1.538320 -2.080706
17869 229 11463 0.202879 2.601790 0.149330
14343 87 4371 0.616665 2.467603 0.214887
14880 151 7593 0.304605 1.086070 2.240670
17364 148 7441 0.257201 2.064315 -2.978759
18630 53 2662 0.220730 0.712785 1.564543
18630 58 2922 0.451373 1.348543 -0.850255
18630 85 4291 0.183644 2.187894 0.624749
14293 230 11529 0.167618 2.933629 -0.566202
14293 230 11532 0.289576 0.968422 1.723181
18032 397 19898 0.237179 2.441013 -0.123979
18032 425 21257 0.278172 2.328969 0.064519
17087 42 2131 0.127745 1.906600 -0.198639
17087 42 2141 0.357483 1.110512 -0.217278
15946 507 25373 0.449655 1.426929 1.912831
17132 460 23005 0.456904 0.636543 -0.924423
18794 257 12864 0.286232 1.151648 1.880959
18794 257 12880 0.183780 0.922046 -2.932350
16976 35 1792 0.389397 0.659367 0.019691
16976 69 3457 0.525691 0.904801 -0.761765
17013 57 2854 0.488666 0.906786 1.107972
15282 42 2149 0.171063 2.602115 -1.440275
18265 61 3082 0.439352 1.236236 0.822298
17671 154 7710 0.227331 2.069145 3.005826
17671 154 7725 0.166957 1.833637 2.626395
17671 214 10743 0.131611 2.340807 1.415103
18760 26 1335 0.669504 0.661524 -1.518040
18765 100 5012 0.483301 1.175316 -0.557959
18765 216 10811 0.199990 0.613143 0.751852
18765 289 14494 0.427000 2.454389 1.368209
18765 302 15107 0.172601 2.471202 -0.627330
15463 73 3668 0.401533 2.462271 -2.665330
14546 3 192 0.184472 1.074887 2.718478
14546 38 1907 0.121524 1.834521 0.073497
14223 238 11941 0.443864 0.490155 0.748289
15122 203 10198 0.385430 0.744301 -2.857961
16313 50 2548 0.133610 0.451031 2.051195
16313 253 12693 0.221153 1.605502 1.829520
15145 74 3727 0.295911 2.781237 1.724155
18011 42 2129 0.213025 0.569336 1.904577
16188 26 1308 1.032254 0.133436 2.917026
16188 26 1321 0.893425 0.421788 -1.426784
18272 136 6815 1.122415 2.771183 1.994092
14406 10 534 0.206398 1.175380 -2.031911
14406 10 542 0.197156 2.023407 2.306884
14807 5 253 0.379450 2.094182 1.091332
17080 22 1137 0.208905 2.462690 0.288624
17080 48 2401 0.213677 2.526150 0.461201
18754 6 346 0.373652 1.000959 0.488108
15902 197 9866 0.503509 1.515470 0.833965
16122 406 20331 0.352138 0.216430 1.565578
15689 81 4062 0.358715 2.330364 2.344353
15689 250 12526 0.174697 0.744957 -2.506348
17686 88 4428 0.292534 1.664041 1.393209
18677 535 26780 0.245313 2.319582 0.810588
18677 535 26787 0.220479 1.340636 1.015762
14544 192 9635 0.304930 0.899106 -1.266983
18265 86 4314 0.235864 1.937735 0.243939
15155 45 2261 0.437984 0.369676 -1.995131
18732 278 13941 0.129075 1.730162 0.155544
18732 400 20041 0.748212 0.550777 -0.877733
16894 148 7434 0.303906 0.505559 -2.135891
17243 12 603 0.686978 0.863633 2.864708
17243 20 1027 0.218533 2.221076 1.975248
17243 90 4524 0.298843 1.703078 2.040898
16433 78 3911 0.140674 2.578979 2.266220
16685 126 6313 0.332000 3.074039 0.628717
18031 118 5934 0.432902 0.391613 1.532469
18031 118 5948 0.437584 2.432556 -0.278276
18031 139 6968 0.154285 1.365812 0.822258
