14590 1
14590 2
14590 12
14590 16
14590 23
14590 27
14590 34
14590 42
14590 44
14590 46
14590 52
14590 58
14590 60
14590 64
14590 81
14590 85
14590 88
14590 89
14590 91
14590 92
14590 94
14590 95
14590 107
14590 114
14590 115
14590 117
14590 127
14590 129
14590 132
14590 134
14590 139
14590 141
14590 150
14590 151
16038 8
16038 9
16038 12
16038 16
16038 20
16038 22
16038 26
16038 30
16038 32
16038 36
16038 39
16038 41
16038 42
16038 43
16038 44
16038 45
16038 58
16038 60
16038 68
16038 70
16038 79
16038 80
16038 84
16038 85
16038 87
16038 88
16038 91
16038 94
16038 96
16038 97
16038 101
16038 103
16038 104
16038 105
16038 106
16038 107
16038 114
16038 117
16038 119
16038 125
16038 126
16038 133
16038 136
16038 140
16038 144
16038 146
16038 149
16038 151
16038 153
16038 156
16038 159
16038 160
16038 161
16038 168
16038 171
16038 172
16038 177
16038 178
16038 179
16038 182
16038 184
16038 187
16038 188
16038 190
16038 198
16038 199
16038 201
16038 204
16038 208
16038 212
16038 214
16038 217
16038 219
16038 221
16038 224
16038 225
16038 228
16038 230
16038 233
16038 235
16038 242
16038 247
16038 250
16038 259
16038 261
16038 270
16038 271
16038 275
16038 276
16038 280
16038 290
16038 293
16038 295
16038 296
16038 303
16038 306
16038 314
16038 316
16038 317
16038 321
16038 325
16038 338
16038 348
16038 350
16038 351
16038 352
16038 355
16038 361
16038 367
16038 371
16038 372
16038 375
16038 379
16038 383
16038 384
16038 385
16038 394
16038 395
16038 397
16038 399
16038 400
16038 404
16038 406
16038 408
16038 411
16038 413
16038 419
16038 421
16038 425
16038 428
16038 432
16038 433
16038 435
16038 439
14438 6
14438 7
14438 14
14438 19
14438 23
14438 27
14438 36
14438 37
14438 52
14438 60
14438 65
14438 75
14438 83
14438 90
14438 91
14438 94
14438 96
14438 98
14438 100
14438 101
14438 104
14438 106
14438 110
14438 111
14438 112
14438 114
14438 119
14438 121
14438 126
14438 129
14438 144
14438 150
14438 156
14438 157
14438 159
14438 163
14438 165
14438 167
14438 170
14438 197
14438 202
14438 209
14438 219
14438 227
14438 231
14438 235
14438 236
14438 239
14438 242
14438 244
14438 256
14438 258
14438 264
14438 277
14438 282
14438 289
14438 291
14890 0
14216 1
14216 2
14216 3
14216 4
14216 6
14216 9
14216 16
14216 31
14216 40
14216 42
14216 47
14216 56
14216 69
14216 73
14216 78
14216 92
14216 94
14216 96
14216 97
14216 98
14216 99
14216 100
14216 105
14216 109
14216 112
14216 114
14216 115
14216 116
14890 1
14890 4
14890 5
14890 10
14890 16
14890 17
14890 18
14890 19
14890 20
14890 22
14890 24
14890 25
14890 26
14890 28
14890 31
14890 32
14890 36
14890 37
14890 38
14890 39
14890 41
14890 44
14890 45
14890 49
14890 50
14890 54
14890 55
14890 57
14890 58
14890 62
14890 64
14890 65
14890 66
14890 67
14890 71
14890 73
14890 74
14890 78
14890 81
14890 82
14890 86
14890 87
14890 88
14890 90
14890 93
14890 94
14890 95
14890 96
14890 97
14890 100
14890 101
14890 102
14890 103
14890 104
14890 107
14890 109
14890 111
14890 113
14890 116
14890 120
14890 122
14890 124
14890 127
14890 133
14890 136
14890 137
14890 138
14772 1
14772 3
14772 6
14772 10
14772 13
14772 15
14772 20
14772 22
14772 24
14772 29
14772 30
14772 33
14772 35
14772 36
14772 37
14772 40
14772 42
14772 43
14772 44
14772 49
14772 50
14772 52
14772 54
14772 56
14772 59
14772 61
14772 62
14772 71
14772 76
14772 77
14772 78
14772 80
14772 82
14772 84
14772 87
14772 89
14772 90
14772 91
14772 94
14772 97
14772 101
14772 104
14772 106
14772 108
14772 110
14772 111
14772 112
14772 115
14772 119
14772 128
14772 129
14772 134
14772 135
14772 138
14772 139
14772 140
14772 141
14772 142
14772 144
14772 145
14772 147
14772 149
14772 150
14772 151
14772 157
14772 163
14772 165
14772 169
14772 172
14772 192
14772 194
14772 196
14772 197
14772 206
14772 211
14772 212
14772 214
14772 216
14772 218
14772 226
14772 229
14772 235
14772 236
14772 240
14772 241
14772 242
14772 246
14772 248
14772 249
14772 253
14772 254
14772 255
14772 260
14772 265
14772 267
14772 273
14772 274
14772 275
14772 277
14772 279
14772 281
14772 287
15093 4
15093 5
15093 18
15093 36
15093 43
15093 51
15093 52
15093 59
15093 61
15093 62
15093 72
15093 79
15093 83
15093 95
15093 97
15093 101
15093 102
15093 104
15093 110
15093 112
15093 114
15093 117
15093 118
15093 119
15093 121
15093 122
15093 124
15093 125
14185 2
14185 3
14185 17
14185 19
14185 20
14185 27
14955 4
14955 6
14955 9
14955 12
14955 17
14955 18
14955 19
14955 22
14955 24
14955 25
14955 27
14955 28
14955 29
14955 32
14955 33
14955 42
14955 46
14955 47
14955 48
14955 50
14955 55
14955 59
14955 60
14955 63
14955 66
14955 71
14955 72
14955 79
14955 80
14955 81
14955 82
14955 83
14955 85
14955 86
14955 95
14955 97
14955 98
14955 99
14955 100
14955 120
14955 121
14955 123
14955 126
14955 128
14955 131
14955 135
14955 136
14955 138
14955 139
14955 143
14955 151
14955 152
14955 156
14955 157
14955 158
14955 159
14955 160
14955 165
14955 166
14955 167
14955 168
14955 170
14955 171
14955 172
14955 173
14955 174
17497 2
17497 5
17497 7
17497 21
17497 23
17497 25
17497 32
17497 37
17497 38
17497 40
17497 46
17497 48
17497 51
17497 53
17497 67
17497 70
17497 77
17497 82
17497 85
17497 89
17497 90
17497 99
17497 107
17497 114
17497 120
17497 122
17497 127
17497 133
17497 140
17497 142
17497 144
17497 147
17497 153
17497 155
17497 161
17497 162
17497 163
17497 166
17497 167
17497 168
17497 173
17497 177
17497 181
17497 187
17497 193
17497 194
17497 196
17497 197
17497 201
17497 206
17497 210
17497 215
17497 216
17497 221
17497 226
17497 228
17497 229
17497 232
17497 233
17497 234
17497 237
17497 240
17497 242
17497 243
17497 247
17308 0
17308 3
17308 4
17308 22
17308 28
17308 35
17308 49
17308 51
17308 52
17308 54
17308 59
17308 60
17308 68
17308 86
17308 89
17308 90
17308 93
17308 97
17308 98
17308 102
17308 105
17308 114
17308 126
17308 132
17308 133
17308 137
17308 140
17308 150
17308 153
17308 159
17308 162
17139 0
17139 3
17139 5
17139 6
17139 7
17139 11
17139 12
17139 13
17139 17
17139 24
17139 25
17139 28
17139 29
17139 31
17139 32
17139 33
17139 38
17139 42
17139 43
17139 45
17139 46
17139 47
17139 48
17139 50
17139 52
17139 53
17139 57
17139 59
17139 62
17139 63
17139 66
17139 67
17139 71
17139 72
17139 73
17139 75
17139 77
17139 81
17139 85
17139 87
17139 89
17139 91
17139 92
17139 103
17139 107
17139 108
17139 114
17139 118
17139 120
17139 121
17139 126
17139 130
17139 131
17139 133
17139 136
17139 140
17139 141
17139 142
17139 152
17139 154
17139 156
17139 158
17139 162
17139 168
17139 170
17139 172
17139 174
17139 176
17139 180
17139 181
17139 182
17139 187
17139 189
17139 192
17139 198
17139 199
17139 204
17139 206
17139 209
17139 210
17139 211
17139 213
17139 214
17139 219
17139 220
17139 221
17139 222
17139 223
17139 225
17139 226
17139 227
17139 228
17139 230
17139 231
17139 236
17139 238
17139 244
17139 249
17139 250
17139 251
17139 253
17139 254
17139 256
17139 257
17139 258
17139 259
17139 260
17139 261
17139 267
17139 271
17139 274
17139 276
17139 277
17139 279
17139 283
17139 286
17139 287
17139 291
17139 297
17139 299
17139 302
17139 305
17139 307
17139 308
17139 312
17139 314
17139 317
17139 318
17139 319
17139 324
17139 330
17139 331
17139 332
17139 333
16231 3
16231 5
16231 16
16231 25
16231 42
16231 63
16231 65
16231 77
16231 84
16231 94
16231 96
16231 121
16231 138
16231 149
14587 0
14587 4
14587 6
14587 8
14587 9
14587 16
14587 17
14587 19
14587 21
14587 22
14587 26
14587 27
14587 30
14587 31
14587 40
14587 41
14587 49
14587 62
14587 66
14587 72
14587 73
14587 77
14587 78
14587 86
14587 87
14587 91
14587 96
14587 105
14587 106
14587 109
14587 110
14587 116
16204 21
16204 31
16204 38
16204 56
16204 70
16204 72
16204 86
16204 87
16204 88
16204 93
16204 99
16204 101
17076 7
14343 0
14343 6
14343 7
14343 10
14343 12
14343 17
14343 19
14343 21
14343 22
14343 27
14343 34
14343 37
14343 45
14343 46
14343 47
14343 54
14343 62
14343 65
14343 67
14343 68
14343 75
14343 78
14343 82
14343 83
14343 92
14343 93
14343 98
14343 102
14343 108
14343 109
14343 110
14343 120
14343 124
14343 125
14343 126
14343 127
14343 129
14343 133
14343 135
14343 145
14343 148
14343 150
14343 155
14343 156
14343 157
14343 158
14343 163
14343 170
14343 181
14343 187
14343 193
14343 204
14343 208
14343 211
14343 214
14343 217
14343 227
14343 231
14343 237
14343 241
14343 243
14343 248
14343 253
14343 256
14343 257
14343 260
14343 272
14343 274
14343 279
14343 280
14343 286
14343 293
14343 296
14343 300
14343 301
14343 302
14343 303
14343 307
14343 308
14343 313
14343 317
14343 320
17467 1
17467 2
17467 3
17467 4
17467 5
17467 6
17467 7
17467 8
17467 9
17467 10
17467 11
17467 12
17467 13
17467 14
17467 15
17467 17
17467 18
17467 19
17467 21
17467 22
17467 23
17467 25
17467 26
17467 27
17467 28
17467 29
17467 31
17467 32
17467 34
17467 35
17467 36
17467 37
17467 38
17467 39
17467 40
17467 41
17467 42
17467 43
17467 44
17467 45
17467 46
17467 47
17467 48
17467 49
17467 50
17467 51
17467 52
17467 53
17467 54
17467 56
17467 57
17467 59
17467 60
17467 61
17467 62
17467 63
17467 64
17467 65
17467 66
17467 67
17467 68
17467 70
17467 71
17467 73
17467 75
17467 76
17467 77
17467 78
17467 79
17467 80
17467 81
17467 82
17467 83
17467 84
17467 85
17467 86
17467 87
17467 88
17467 89
17467 90
17467 91
17467 93
17467 94
17467 95
17467 96
17467 97
17467 98
17467 99
17467 100
17467 101
17467 102
17467 103
17467 104
17467 105
17467 107
17467 108
17467 111
17467 112
17467 113
17467 114
15438 0
15438 1
15438 2
15438 3
15438 4
15438 5
15438 6
15438 7
15438 8
15438 9
15438 10
15438 11
15438 12
15438 13
15438 14
15438 15
15438 16
15438 17
15438 18
15438 19
15438 20
15438 21
15438 22
14890 1
14890 5
14890 10
14890 16
14890 17
14890 18
14890 19
14890 20
14890 22
14890 24
14890 25
14890 26
14890 28
14890 31
14890 32
14890 36
14890 37
14890 38
14890 39
14890 41
14890 44
14890 45
14890 49
14890 50
14890 54
14890 55
14890 57
14890 58
14890 62
14890 64
14890 65
14890 66
14890 67
14890 73
14890 74
14890 78
14890 81
14890 82
14890 86
14890 87
14890 88
14890 90
14890 93
14890 94
14890 95
14890 96
14890 97
14890 100
14890 101
14890 102
14890 103
14890 104
14890 107
14890 109
14890 111
14890 113
14890 116
14890 120
14890 122
14890 123
14890 124
14890 127
14890 130
14890 131
14890 133
14890 136
14890 137
14890 138
14704 0
14704 1
14704 2
14704 3
14704 4
14704 5
14704 6
14438 0
14438 1
14438 2
14438 3
14438 4
14438 5
14438 8
14438 9
14438 10
14438 11
14438 12
14438 13
14438 15
14438 16
14438 17
14438 18
14438 20
14438 21
14438 22
14438 24
14438 25
14438 26
14438 28
14438 29
14438 30
14438 31
14438 32
14438 33
14438 34
14438 35
14438 38
14438 39
14438 40
14438 41
14438 42
14438 43
14438 44
14438 45
14438 46
14438 47
14438 48
14438 49
14438 50
14438 51
14438 53
14438 54
14438 55
14438 56
14438 57
14438 58
14438 59
14438 61
14438 62
14438 63
14438 64
14438 66
14438 67
14438 68
14438 69
14438 70
14438 71
14438 72
14438 73
14438 74
14438 76
14438 77
14438 78
14438 79
14438 80
14438 81
14438 82
14438 84
14438 85
14438 86
14438 87
14438 88
14438 89
14438 92
14438 93
14438 95
14438 97
14438 99
14438 102
14438 103
14438 105
14438 107
14438 108
14438 109
14438 113
14438 115
14438 116
14438 117
14438 118
14438 120
14438 122
14438 123
14438 124
14438 125
14438 127
14438 128
14438 130
14438 131
14438 132
14438 133
14438 134
14438 135
14438 136
14438 137
14438 138
14438 139
14438 140
14438 141
14438 142
14438 143
14438 145
14438 146
14438 147
14438 148
14438 149
14438 151
14438 152
14438 153
14438 154
14438 155
14438 158
14438 160
14438 161
14438 162
14438 164
14438 166
14438 168
14438 169
14438 171
14438 172
14438 173
14438 174
14438 175
14438 176
14438 177
14438 178
14438 179
14438 180
14438 181
14438 182
14438 183
14438 184
14438 185
14438 186
14438 187
14438 188
14438 189
14438 190
14438 191
14438 192
14438 193
14438 194
14438 195
14438 196
14438 198
14438 199
14438 200
14438 201
14438 203
14438 204
14438 205
14438 206
14438 207
14438 208
14438 210
14438 211
14438 212
14438 213
14438 214
14438 215
14438 216
14438 217
14438 218
14438 220
14438 221
14438 222
14438 223
14438 224
14438 225
14438 226
14438 228
14438 229
14438 230
14438 232
14438 233
14438 234
14438 237
14438 238
14438 240
14438 241
14438 243
14438 245
14438 246
14438 247
14438 248
14438 249
14438 250
14438 251
14438 252
14438 253
14438 254
14438 255
14438 257
14438 259
14438 260
14438 261
14438 262
14438 263
14438 265
14438 266
14438 267
14438 268
14438 269
14438 270
14438 271
14438 272
14438 273
14438 274
14438 275
14438 276
14438 278
14438 279
14438 280
14438 281
14438 283
14438 284
14438 285
14438 286
14438 287
14438 288
14438 290
14438 292
14438 293
14438 294
14830 0
14830 1
14830 2
14830 3
14830 4
14830 5
14830 6
14830 7
14830 8
14830 9
14830 10
14830 11
14830 12
14830 13
14830 14
14830 15
14830 16
14830 17
14830 18
14830 19
14830 21
14830 22
14830 23
14830 24
14830 25
14830 26
14830 27
14830 28
14830 29
14830 30
14830 31
14830 32
14830 33
14830 34
14830 35
14830 36
14830 37
14830 38
14830 39
14830 40
14830 41
14830 42
14830 43
14830 44
14830 45
14830 46
14830 47
14830 48
14830 49
14830 50
14830 51
14830 52
14830 54
16946 2
16946 6
16946 20
16946 23
16946 36
16946 49
16946 56
16946 69
16946 73
16946 74
16946 78
16946 84
16946 88
16946 90
16946 106
16946 118
16946 125
16946 136
16946 138
16946 149
16946 151
16946 152
16946 166
16946 167
16946 173
16946 175
16946 185
16946 197
16946 201
16946 218
16946 225
16946 229
16946 232
16946 236
16946 244
16946 248
16946 250
16946 274
16946 287
16946 292
16946 293
16946 296
16946 299
16946 300
15799 4
15799 7
15799 14
15799 16
15799 19
15799 21
15799 22
15799 23
15799 24
15799 25
15799 30
15799 34
15799 35
15799 37
15799 39
15799 40
15799 41
15799 49
15799 50
15799 51
15799 56
15799 59
15799 60
15799 61
15799 66
15799 78
15799 80
15799 88
15799 89
15799 93
15799 94
15799 96
15799 100
15799 103
15799 104
15799 107
15799 108
15799 110
15799 115
15799 121
15799 122
15799 124
15799 126
15799 132
15799 135
15799 139
15799 145
15799 152
15799 153
15799 154
15799 158
15799 160
15799 163
15799 169
15799 170
15799 172
15799 177
15799 181
15799 188
15799 189
15799 191
15799 198
15799 199
15799 203
15799 211
15799 212
15799 215
15799 216
15799 218
15799 220
15799 221
15799 229
15799 230
15799 232
15799 234
15799 236
15799 239
15799 241
15799 246
15799 253
15799 255
15799 256
15799 257
15799 268
15799 269
14187 9
14187 10
14187 12
14187 14
14187 15
14187 19
14187 24
14187 30
14187 36
14187 37
14187 38
14187 41
14187 48
14187 53
14187 55
14187 57
14187 66
14187 77
14187 87
14187 89
14187 90
14187 91
14187 96
14187 98
14187 99
14187 106
14187 107
14187 108
14187 110
14187 113
14187 115
14187 121
14187 129
14187 130
14187 131
14187 136
14187 137
15160 4
15160 8
15160 13
15160 23
15160 25
15160 28
15160 30
15160 31
15160 32
15160 35
15160 37
15160 38
15160 40
15160 41
15160 43
15160 44
15160 57
15160 60
15160 61
15160 63
15160 64
15160 66
15160 69
15160 72
15160 77
15160 80
15160 83
15160 85
15160 86
15160 87
15160 91
15160 92
15160 96
15160 98
15160 99
15160 100
15160 101
15160 108
15160 110
15160 111
15160 112
15160 113
15160 115
15160 121
15160 122
15160 123
15160 126
15160 128
15160 132
15160 135
15160 138
15160 139
15160 142
15160 152
15160 154
15160 157
15160 161
15160 162
15160 168
15160 171
15160 172
15160 175
15160 177
15160 178
15160 181
15160 182
15160 184
15160 187
15160 188
15160 189
15160 194
15160 195
15160 199
15160 201
15160 202
15160 203
15160 207
15160 210
15160 214
15160 215
15160 223
15160 224
15160 227
15160 229
15160 236
15160 244
15160 246
15160 253
15160 254
15160 255
15160 259
15160 261
15160 262
15160 266
15160 275
15160 277
15160 279
15160 282
15160 288
15160 295
15160 301
15160 304
15160 311
15160 313
15160 318
15160 319
15160 321
15160 326
15160 329
15160 330
15160 332
15160 333
15160 335
15160 346
15160 347
15160 348
15160 349
15160 350
15160 356
15160 361
15160 365
15160 366
15160 369
15160 370
15160 372
15160 381
15160 384
15160 385
15160 389
15160 392
15160 393
15160 394
15160 396
15160 400
15160 402
14772 2
14772 8
14772 9
14772 12
14772 16
14772 18
14772 25
14772 26
14772 27
14772 31
14772 32
14772 45
14772 47
14772 51
14772 55
14772 57
14772 58
14772 75
14772 79
14772 81
14772 85
14772 88
14772 93
14772 99
14772 100
14772 102
14772 107
14772 109
14772 113
14772 114
14772 117
14772 118
14772 120
14772 122
14772 123
14772 126
14772 127
14772 131
14772 136
14772 143
14772 155
14772 156
14772 158
14772 162
14772 166
14772 167
14772 173
14772 175
14772 176
14772 177
14772 179
14772 180
14772 183
14772 184
14772 186
14772 188
14772 189
14772 190
14772 198
14772 200
14772 202
14772 203
14772 205
14772 208
14772 209
14772 210
14772 213
14772 217
14772 220
14772 221
14772 223
14772 224
14772 225
14772 227
14772 228
14772 230
14772 231
14772 232
14772 234
14772 238
14772 239
14772 243
14772 244
14772 252
14772 256
14772 257
14772 258
14772 261
14772 263
14772 270
14772 271
14772 276
14772 280
14772 282
14772 283
14772 291
14772 292
14772 293
14772 294
16555 7
16555 10
16555 15
16555 19
16555 29
16555 31
16555 43
16555 44
16555 46
16555 56
16555 58
16555 67
16555 77
16555 97
16555 104
16555 117
16555 120
16555 144
16555 147
16555 155
16555 156
16555 159
16555 177
16555 185
16555 188
16147 1
16147 2
16147 19
16147 25
16147 37
16147 46
16147 48
16147 57
16147 58
16147 61
16147 86
16147 108
16147 117
16147 121
16147 122
16147 124
16147 134
16147 148
16147 172
16147 176
16147 187
16147 193
16147 194
16147 195
16147 197
16147 200
16147 201
16147 204
16147 206
16147 213
16147 259
16147 267
16147 268
16147 271
16147 275
16147 286
16147 291
16147 294
16147 295
16147 296
16147 297
16147 298
16147 335
16147 344
16147 363
16147 370
16147 373
16147 385
16147 395
16147 396
16147 398
16147 401
17099 0
17099 1
17099 2
17099 3
17099 4
17099 5
17099 6
17099 7
17099 8
17099 10
17099 12
17099 13
17099 14
17099 15
17099 16
17099 17
17099 18
17099 19
17099 20
17099 21
17099 22
17099 23
17099 24
17099 26
17099 27
17099 28
17099 29
17099 30
17099 31
17099 32
17099 33
17099 34
17099 35
17099 37
17099 38
17099 39
17099 40
17099 41
17099 42
17099 43
17099 44
17099 45
17099 47
17099 48
17099 49
17099 50
17099 51
17099 52
17099 53
17099 54
17099 55
17099 56
17099 58
17099 59
17099 60
17099 61
17099 62
17099 63
17099 64
17099 65
17099 66
17099 67
17099 68
17099 69
17099 70
17099 71
17099 72
17099 73
17099 74
17099 75
17099 76
17099 77
17099 78
17099 79
17099 80
17099 81
17099 82
17099 83
17099 84
17099 85
17099 86
17099 87
17099 88
17099 89
17099 90
17099 92
17099 93
17099 94
17099 95
17099 96
17099 97
17099 98
17099 99
17099 100
17099 102
17099 103
17099 104
17099 105
17099 107
17099 108
17099 109
17099 110
17099 111
17099 112
17099 113
17099 114
17099 115
17099 116
16814 6
16814 9
16814 11
16814 13
16814 14
16814 24
16814 28
16814 30
16814 32
16814 35
16814 36
16814 39
16814 40
14343 9
14343 29
14343 41
14343 43
14343 55
14343 60
14343 64
14343 66
14343 69
14343 71
14343 72
14343 84
14343 88
14343 89
14343 95
14343 96
14343 97
14343 101
14343 116
14343 118
14343 123
14343 128
14343 131
14343 132
14343 134
14343 136
14343 139
14343 147
14343 151
14343 152
14343 153
14343 162
14343 172
14343 176
14343 177
14343 178
14343 182
14343 195
14343 200
14343 206
14343 210
14343 212
14343 213
14343 219
14343 221
14343 222
14343 224
14343 238
14343 242
14343 247
14343 251
14343 254
14343 266
14343 267
14343 268
14343 270
14343 281
14343 288
14343 292
14343 294
14343 314
16212 0
16212 6
16212 11
16212 20
16212 29
16212 66
16212 67
16212 73
16212 74
16212 76
14890 1
14890 2
14890 3
14890 5
14890 6
14890 8
14890 10
14890 11
14890 12
14890 16
14890 17
14890 18
14890 22
14890 24
14890 25
14890 29
14890 30
14890 32
14890 33
14890 34
14890 35
14890 36
14890 37
14890 39
14890 40
14890 45
14890 48
14890 53
14890 54
14890 56
14890 59
14890 60
14890 61
14890 63
14890 66
14890 68
14890 72
14890 73
14890 75
14890 78
14890 83
14890 87
14890 88
14890 89
14890 92
14890 94
14890 95
14890 97
14890 98
14890 103
14890 105
14890 107
14890 109
14890 111
14890 112
14890 114
14890 115
14890 116
14890 118
14890 119
14890 120
14890 121
14890 123
14890 124
14890 125
14890 127
14890 129
14890 130
14890 131
14890 133
14890 135
17449 5
17449 10
17449 17
17449 26
17449 27
17449 33
17449 36
17449 38
17449 39
17449 43
17449 45
17449 46
17449 49
17449 55
17449 57
17449 59
14822 2
14822 6
14822 7
14822 8
14822 10
14822 12
14822 21
14822 23
14822 27
14822 29
14822 35
14822 37
14822 38
14822 40
14822 42
14822 60
16976 76
16976 113
16976 114
16976 115
16976 144
16445 1
16445 2
16445 3
16445 4
16445 7
16445 8
16445 9
16445 10
16445 11
16445 13
16445 15
16445 17
16445 19
16445 20
16445 21
16445 22
16212 1
16212 12
16212 18
16212 19
16212 21
16212 22
16212 28
16212 31
16212 32
16212 33
16212 34
16212 36
16212 37
16212 38
16212 43
16212 45
16212 48
16212 49
16212 52
16212 53
16212 54
16212 55
16212 57
16212 59
16212 61
16212 64
16212 68
16212 69
16212 71
16212 77
14187 5
14187 6
14187 7
14187 8
14187 11
14187 16
14187 17
14187 21
14187 23
14187 25
14187 28
14187 29
14187 31
14187 34
14187 35
14187 40
14187 45
14187 58
14187 59
14187 63
14187 64
14187 67
14187 69
14187 70
14187 71
14187 72
14187 74
14187 75
14187 76
14187 78
14187 82
14187 84
14187 86
14187 92
14187 93
14187 94
14187 95
14187 97
14187 101
14187 102
14187 103
14187 104
14187 109
14187 111
14187 112
14187 116
14187 117
14187 122
14187 123
14187 124
14187 125
14187 126
14187 127
14187 133
14187 135
16956 2
16956 5
16956 8
16956 13
16956 14
16956 20
17497 0
17497 3
17497 4
17497 10
17497 11
17497 13
17497 14
17497 15
17497 20
17497 24
17497 28
17497 29
17497 35
17497 39
17497 42
17497 43
17497 47
17497 52
17497 54
17497 57
17497 68
17497 78
17497 80
17497 87
17497 93
17497 94
17497 97
17497 98
17497 102
17497 108
17497 113
17497 115
17497 116
17497 126
17497 128
17497 129
17497 137
17497 138
17497 143
17497 145
17497 148
17497 154
17497 156
17497 157
17497 160
17497 182
17497 183
17497 185
17497 188
17497 195
17497 199
17497 200
17497 202
17497 203
17497 204
17497 208
17497 223
17497 224
17497 235
17497 236
17497 238
17497 244
17497 249
17497 251
16813 3
16813 9
16813 13
16813 24
16813 28
16659 4
16659 6
16659 8
16659 17
16659 23
14280 0
14280 1
14280 2
14280 3
14280 4
14280 5
14280 6
14280 7
14280 8
14280 10
14280 11
14280 12
14280 13
14280 14
14280 15
14280 16
14280 17
14280 19
14280 21
14280 22
14280 23
14280 24
14280 25
14280 26
14280 27
14280 28
14280 30
14280 32
14280 33
14280 34
14280 35
14280 36
14280 37
14280 38
14280 39
14280 40
14280 41
14280 42
14280 43
14280 44
14280 45
14280 46
14280 47
14280 48
14280 49
14280 50
14280 51
14280 52
14280 54
14280 55
14280 56
14280 58
14280 59
14280 60
14280 61
14280 62
14280 63
14280 64
14280 66
14280 67
14280 68
14280 69
14280 70
14280 72
14280 74
14280 77
17380 0
17380 1
17380 2
17380 3
17380 4
17380 5
17380 6
17380 7
17380 8
17380 9
17380 10
17380 11
17380 12
17380 13
17380 14
17380 15
17380 16
17380 17
17380 18
17380 19
17380 20
17380 21
17380 22
17380 23
17380 24
17380 25
17380 26
17380 27
17380 28
17380 29
17380 30
17380 31
17380 32
17380 33
17380 34
17380 35
17380 36
17380 37
17380 38
17380 39
17380 40
17380 41
17380 42
17380 43
17380 44
17380 45
17380 46
17380 47
17380 48
17380 49
17380 50
17380 51
17380 52
17380 53
17380 54
17380 55
17380 56
15051 7
15051 9
15051 13
15051 20
15051 21
15051 22
15051 24
17308 0
17308 1
17308 2
17308 3
17308 4
17308 5
17308 6
17308 7
17308 8
17308 9
17308 10
17308 11
17308 12
17308 13
17308 14
17308 15
17308 16
17308 17
17308 18
17308 19
17308 20
17308 21
17308 22
17308 23
17308 24
17308 25
17308 26
17308 27
17308 28
17308 29
17308 30
17308 31
17308 32
17308 33
17308 34
17308 35
17308 36
17308 37
17308 38
17308 39
17308 40
17308 41
17308 42
17308 43
17308 44
17308 45
17308 46
17308 47
17308 48
17308 49
17308 50
17308 51
17308 52
17308 53
17308 54
17308 55
17308 56
17308 57
17308 58
17308 59
17308 60
17308 61
17308 62
17308 63
17308 64
17308 65
17308 66
17308 67
17308 68
17308 70
17308 71
17308 72
17308 73
17308 74
17308 75
17308 76
17308 77
17308 78
17308 79
17308 80
17308 81
17308 82
17308 83
17308 84
17308 85
17308 86
17308 87
17308 88
17308 89
17308 90
17308 92
17308 93
17308 94
17308 95
17308 96
17308 97
17308 98
17308 99
17308 100
17308 101
17308 102
17308 103
17308 104
17308 105
17308 106
17308 107
17308 108
17308 109
17308 110
17308 111
17308 112
17308 113
17308 114
17308 115
17308 116
17308 117
17308 118
17308 119
17308 120
17308 121
17308 122
17308 123
17308 124
17308 125
17308 126
17308 127
17308 128
17308 129
17308 130
17308 131
17308 132
17308 133
17308 134
17308 135
17308 136
17308 137
17308 138
17308 139
17308 140
17308 141
17308 142
17308 143
17308 144
17308 145
17308 146
17308 147
17308 148
17308 149
17308 150
17308 151
17308 152
17308 153
17308 155
17308 156
17308 157
17308 158
17308 159
17308 160
17308 161
17308 162
17308 163
17308 164
17308 165
17308 166
17308 167
17308 168
17308 169
14772 0
14772 4
14772 5
14772 7
14772 11
14772 14
14772 17
14772 19
14772 21
14772 23
14772 28
14772 34
14772 38
14772 39
14772 41
14772 46
14772 48
14772 53
14772 60
14772 63
14772 64
14772 65
14772 66
14772 67
14772 68
14772 69
14772 70
14772 72
14772 73
14772 74
14772 83
14772 86
14772 92
14772 95
14772 96
14772 98
14772 103
14772 105
14772 116
14772 121
14772 124
14772 125
14772 130
14772 132
14772 133
14772 137
14772 146
14772 148
14772 152
14772 153
14772 154
14772 159
14772 160
14772 161
14772 164
14772 168
14772 170
14772 171
14772 174
14772 178
14772 181
14772 182
14772 185
14772 187
14772 191
14772 193
14772 195
14772 199
14772 201
14772 204
14772 207
14772 215
14772 219
14772 222
14772 233
14772 237
14772 245
14772 247
14772 250
14772 251
14772 259
14772 262
14772 264
14772 266
14772 268
14772 269
14772 272
14772 278
14772 284
14772 285
14772 286
14772 288
14772 289
14772 290
14772 295
14772 296
14772 297
14772 298
15027 1
15027 4
14453 0
14453 1
14453 2
14453 3
14453 4
14453 5
14453 6
14453 7
14453 8
14453 9
14453 10
14453 11
14453 12
14453 13
14453 14
14453 16
14453 17
14453 18
14453 20
14453 22
14453 23
14453 24
14453 26
14453 27
14453 28
14453 29
14453 31
14453 32
14453 33
14453 34
14453 35
14453 36
14453 37
14453 38
14453 39
14453 40
14453 41
14453 42
14453 44
14453 45
14453 46
14453 47
14453 48
14453 50
14453 52
14453 53
14453 54
14453 55
14453 56
14453 57
14453 58
14453 59
14453 61
14453 62
14453 63
14453 64
14453 65
14453 66
14453 67
14453 68
14453 69
14453 70
14453 71
14453 72
14453 73
14453 74
14453 75
14453 77
14453 78
14453 79
14453 80
14453 81
14453 82
14453 84
14453 85
14453 86
14453 87
14453 89
14453 90
14453 91
14453 93
14453 94
14453 95
14453 96
14453 97
14453 98
14453 99
14453 100
14453 101
14453 103
14453 105
14453 106
14453 107
14453 108
14453 109
14453 110
14453 111
14453 113
14453 114
14453 115
14453 116
14453 117
14453 119
14453 120
14453 121
14453 122
14453 123
14453 124
14453 125
14453 126
14453 127
14453 128
14453 129
14453 130
14453 131
14453 135
14453 136
14453 137
14453 138
14453 139
14453 140
14453 141
14453 142
14453 143
14453 144
14453 145
14453 146
14453 147
14453 148
14453 149
14453 150
14453 151
14453 153
14453 154
14453 156
14453 157
14453 158
14453 159
14453 160
14453 161
14453 162
14453 163
14453 164
14453 165
14453 167
14453 168
14453 169
14453 170
14453 171
14453 172
14453 173
14453 174
14453 175
14453 176
14453 178
14453 179
14453 182
14453 183
14453 184
14453 185
14453 187
14453 188
14453 189
14453 190
14453 191
14453 193
14453 194
14453 195
14453 196
14453 197
14453 198
14453 199
14453 200
14453 202
14453 203
14453 204
14453 205
14453 206
14453 207
14453 208
14453 209
14453 210
14453 211
14453 212
14453 213
14453 214
14453 215
14453 216
14453 217
14453 218
14453 219
14453 220
14453 221
16147 0
16147 3
16147 5
16147 7
16147 11
16147 12
16147 13
16147 17
16147 18
16147 20
16147 21
16147 22
16147 23
16147 24
16147 26
16147 29
16147 30
16147 32
16147 33
16147 34
16147 38
16147 39
16147 41
16147 42
16147 43
16147 47
16147 51
16147 56
16147 62
16147 63
16147 67
16147 69
16147 70
16147 71
16147 76
16147 77
16147 80
16147 81
16147 82
16147 84
16147 87
16147 88
16147 89
16147 90
16147 91
16147 92
16147 93
16147 94
16147 95
16147 96
16147 99
16147 100
16147 103
16147 107
16147 109
16147 114
16147 115
16147 118
16147 119
16147 123
16147 129
16147 130
16147 133
16147 135
16147 137
16147 138
16147 146
16147 152
16147 153
16147 155
16147 156
16147 160
16147 166
16147 168
16147 179
16147 182
16147 184
16147 189
16147 196
16147 199
16147 212
16147 215
16147 218
16147 219
16147 221
16147 223
16147 224
16147 229
16147 231
16147 235
16147 237
16147 238
16147 239
16147 242
16147 244
16147 245
16147 246
16147 247
16147 248
16147 249
16147 250
16147 251
16147 252
16147 254
16147 255
16147 260
16147 263
16147 266
16147 269
16147 270
16147 277
16147 279
16147 281
16147 284
16147 285
16147 289
16147 292
16147 293
16147 299
16147 301
16147 303
16147 307
16147 313
16147 314
16147 315
16147 316
16147 318
16147 319
16147 320
16147 321
16147 323
16147 324
16147 325
16147 326
16147 327
16147 328
16147 332
16147 333
16147 334
16147 336
16147 338
16147 339
16147 340
16147 341
16147 343
16147 345
16147 346
16147 347
16147 349
16147 352
16147 358
16147 359
16147 360
16147 361
16147 364
16147 367
16147 368
16147 369
16147 375
16147 378
16147 381
16147 389
16147 391
16147 394
16147 399
14263 1
14890 52
14890 84
14890 99
14890 117
14890 128
17497 1
17497 8
17497 9
17497 19
17497 27
17497 30
17497 33
17497 44
17497 45
17497 60
17497 62
17497 69
17497 71
17497 75
17497 79
17497 81
17497 83
17497 86
17497 92
17497 95
17497 96
17497 100
17497 101
17497 106
17497 110
17497 111
17497 112
17497 121
17497 123
17497 132
17497 134
17497 136
17497 164
17497 169
17497 170
17497 172
17497 175
17497 179
17497 191
17497 198
17497 207
17497 211
17497 213
17497 214
17497 217
17497 222
17497 230
17497 231
17497 239
17497 245
17497 246
17497 248
17497 250
17497 253
17497 254
14886 0
14886 2
14886 3
14886 4
14886 6
14886 9
14886 10
14886 11
14886 12
14886 17
14886 18
14886 19
14886 21
14886 23
14886 24
14886 25
14886 27
14886 31
14886 32
14886 33
14886 37
14886 39
14886 40
14886 51
14886 53
14886 54
14886 57
14886 58
14886 59
14886 65
14886 66
14886 67
14886 71
14886 73
14886 74
14886 78
14886 80
14886 81
14886 83
14886 86
14886 87
14886 92
14886 93
14886 94
14886 95
14886 98
14886 100
14886 102
14886 104
14886 107
14886 110
14886 111
14886 114
14886 115
14886 117
14886 118
14886 119
14886 121
14886 125
14886 127
14886 128
14886 129
14886 130
14886 132
14886 133
14886 137
14886 138
14886 143
14886 144
14886 148
14886 155
14886 157
14886 161
14886 163
14886 168
14886 170
14886 172
14886 175
17196 0
17196 1
17196 2
17196 3
17196 4
17196 5
17196 6
17196 7
17196 8
17196 9
17196 10
17196 11
17196 12
17196 13
17196 14
17196 15
17196 16
17196 17
17196 18
17196 19
17196 20
17196 21
17196 22
17196 23
17196 24
17196 25
17196 26
17196 27
17196 28
17196 29
17196 30
17196 31
17196 32
17196 33
17196 34
17196 35
17196 36
17196 37
17196 38
17196 39
17196 40
17196 41
17196 42
17196 43
17196 44
17196 45
17196 46
17196 47
17196 48
17196 49
17196 50
17196 51
17196 52
17196 53
17196 54
17196 55
17196 56
17196 57
17196 58
17196 59
17196 60
17196 61
17196 62
17196 63
17196 64
17196 65
14981 15
14981 17
14981 22
14981 24
14981 31
14981 32
14981 43
14981 44
14981 48
14981 54
14981 62
14981 74
14981 84
14981 88
14981 91
14981 100
14981 121
14981 122
14981 129
14981 132
14981 137
14981 138
14981 139
14981 141
14981 146
14981 156
14981 158
14981 166
14981 167
14981 172
14981 183
14981 190
14981 192
14981 196
14981 199
14981 210
14981 214
14981 216
14981 219
14981 226
14981 227
14981 234
14981 239
14981 240
14981 247
14981 254
17524 0
17524 4
17524 19
17524 21
17524 23
17524 27
17524 31
17524 40
17524 46
17524 49
17524 53
17524 62
17524 68
17524 71
17524 74
17524 75
17524 76
17524 92
17524 93
17524 102
17524 107
17524 113
17524 120
17524 136
17524 139
17524 141
17524 142
17524 156
17524 167
17524 171
17524 173
17524 180
17524 186
17524 207
17524 225
17524 248
17524 257
17524 277
17524 278
17524 279
17524 290
17524 297
16808 0
16808 1
16808 3
16808 4
16808 5
16808 6
16808 7
16808 10
16808 11
16808 12
16808 13
16808 14
16808 18
16808 19
16808 22
15018 2
15018 4
15018 7
15018 8
15018 10
15018 11
17223 2
17223 3
17223 5
17223 10
17223 11
17223 13
15051 5
15051 15
15051 17
15051 19
17139 1
17139 2
17139 4
17139 9
17139 14
17139 15
17139 18
17139 20
17139 22
17139 23
17139 26
17139 34
17139 36
17139 37
17139 39
17139 40
17139 41
17139 44
17139 49
17139 51
17139 55
17139 56
17139 58
17139 61
17139 64
17139 69
17139 70
17139 76
17139 78
17139 80
17139 82
17139 83
17139 86
17139 90
17139 93
17139 96
17139 99
17139 100
17139 101
17139 104
17139 105
17139 109
17139 111
17139 112
17139 115
17139 117
17139 122
17139 123
17139 127
17139 128
17139 129
17139 132
17139 134
17139 137
17139 138
17139 139
17139 143
17139 145
17139 146
17139 147
17139 148
17139 149
17139 150
17139 151
17139 153
17139 155
17139 157
17139 159
17139 163
17139 164
17139 165
17139 166
17139 167
17139 169
17139 171
17139 173
17139 177
17139 178
17139 179
17139 184
17139 185
17139 188
17139 190
17139 191
17139 194
17139 195
17139 197
17139 200
17139 202
17139 203
17139 205
17139 212
17139 217
17139 218
17139 224
17139 234
17139 235
17139 237
17139 240
17139 241
17139 243
17139 245
17139 246
17139 247
17139 252
17139 262
17139 265
17139 268
17139 269
17139 273
17139 275
17139 278
17139 280
17139 282
17139 288
17139 289
17139 290
17139 292
17139 294
17139 296
17139 300
17139 301
17139 303
17139 306
17139 310
17139 313
17139 315
17139 321
17139 322
17139 323
17139 325
17139 327
15093 2
15093 10
15093 11
15093 12
15093 13
15093 16
15093 19
15093 21
15093 23
15093 31
15093 32
15093 34
15093 35
15093 38
15093 47
15093 50
15093 55
15093 60
15093 65
15093 66
15093 74
15093 76
15093 77
15093 78
15093 80
15093 81
15093 89
15093 90
15093 91
15093 99
15093 113
15093 115
15093 116
15093 120
15160 0
15160 1
15160 9
15160 10
15160 11
15160 12
15160 15
15160 17
15160 18
15160 20
15160 33
15160 36
15160 39
15160 42
15160 45
15160 46
15160 47
15160 48
15160 52
15160 53
15160 54
15160 55
15160 56
15160 59
15160 65
15160 68
15160 71
15160 74
15160 78
15160 79
15160 81
15160 82
15160 84
15160 88
15160 89
15160 97
15160 102
15160 103
15160 105
15160 106
15160 109
15160 116
15160 118
15160 119
15160 125
15160 131
15160 133
15160 134
15160 137
15160 140
15160 141
15160 149
15160 150
15160 151
15160 159
15160 160
15160 163
15160 164
15160 165
15160 166
15160 170
15160 173
15160 176
15160 179
15160 186
15160 190
15160 192
15160 193
15160 198
15160 204
15160 206
15160 209
15160 213
15160 216
15160 218
15160 219
15160 220
15160 221
15160 225
15160 234
15160 238
15160 242
15160 245
15160 247
15160 248
15160 258
15160 260
15160 263
15160 264
15160 267
15160 268
15160 272
15160 273
15160 274
15160 278
15160 280
15160 281
15160 283
15160 284
15160 285
15160 286
15160 287
15160 289
15160 290
15160 292
15160 296
15160 299
15160 300
15160 308
15160 317
15160 320
15160 323
15160 325
15160 328
15160 331
15160 336
15160 337
15160 338
15160 339
15160 341
15160 344
15160 345
15160 351
15160 352
15160 354
15160 355
15160 357
15160 358
15160 359
15160 360
15160 363
15160 367
15160 371
15160 374
15160 375
15160 376
15160 377
15160 379
15160 383
15160 386
15160 390
15160 391
15160 397
15160 401
