15792 79 3955 
15834 214 10734 
18031 363 18165 
18265 137 6860 
18490 76 3844 
16468 46 2332 
15354 78 3907 
18665 253 12655 
16172 149 7480 
15870 47 2375 
15640 132 6613 
18527 247 12357 
18527 247 12370 
17414 72 3625 
15391 122 6141 
17208 127 6381 
15465 86 4301 
17866 14 739 
17039 42 2145 
14912 10 550 
14912 264 13233 
15463 115 5788 
14454 0 7 
14632 75 3757 
16227 106 5344 
16890 191 9560 
16199 389 19462 
18489 146 7341 
16198 155 7799 
18709 44 2233 
14569 17 899 
14191 126 6311 
17871 167 8367 
18242 232 11643 
15172 25 1295 
17783 106 5305 
15102 51 2551 
17139 110 5516 
15166 181 9089 
16910 169 8476 
14824 276 13813 
14882 116 5829 
14202 9 452 
16794 13 674 
18574 9 498 
16006 473 23672 
17056 221 11062 
15014 217 10893 
14174 5 277 
18923 275 13785 
17561 185 9298 
17209 68 3409 
18048 12 646 
14259 290 14521 
18903 391 19588 
14897 111 5559 
16462 53 2669 
18752 63 3186 
15377 84 4215 
16889 5 294 
16109 85 4283 
15328 131 6567 
16818 60 3038 
17004 247 12354 
17073 3 166 
14464 215 10763 
17394 69 3461 
16119 506 25342 
15801 152 7644 
18687 397 19864 
16104 24 1235 
18463 530 26542 
15955 0 39 
18511 265 13291 
16877 98 4911 
17440 2 118 
15689 341 17088 
17763 45 2280 
18786 116 5816 
16227 270 13518 
15482 104 5222 
18044 426 21349 
18754 5 273 
17195 41 2067 
15422 53 2659 
14174 253 12678 
17036 422 21132 
14760 138 6907 
15238 132 6620 
16340 147 7353 
15700 81 4073 
18021 534 26745 
18520 30 1541 
17271 53 2669 
17271 67 3384 
14316 13 693 
17371 273 13662 
16298 187 9364 
17653 24 1211 
17100 219 10990 
18286 85 4276 
17858 307 15395 
15778 133 6698 
15591 116 5843 
15436 277 13863 
15436 277 13865 
14410 97 4887 
14958 48 2410 
14157 191 9565 
15965 183 9180 
18953 282 14145 
17824 2 130 
18639 18 942 
16344 55 2771 
15497 380 19039 
17877 1 77 
17308 124 6234 
16742 11 565 
16226 75 3755 
18959 34 1735 
17989 76 3849 
16267 182 9129 
16731 27 1386 
16731 264 13231 
16573 99 4974 
16155 8 433 
18754 30 1524 
15832 34 1741 
15931 28 1450 
14997 15 766 
14831 60 3008 
16850 236 11834 
17975 256 12835 
15656 23 1166 
17503 201 10070 
17103 48 2408 
14401 28 1401 
18272 68 3445 
14294 25 1292 
18232 103 5155 
18907 73 3653 
15411 63 3191 
18242 212 10608 
17415 50 2532 
16804 62 3104 
18959 36 1815 
17829 56 2826 
17356 54 2713 
15412 24 1238 
15316 127 6381 
15411 266 13350 
14148 30 1510 
18005 49 2491 
15369 68 3439 
16794 13 674 
15922 11 579 
15644 1 81 
15145 186 9320 
16853 23 1180 
15933 204 10236 
16160 209 10470 
18678 195 9760 
14948 250 12502 
14212 51 2584 
17974 218 10937 
16896 93 4691 
17114 172 8618 
17169 293 14666 
17312 163 8194 
15222 72 3632 
17243 93 4657 
15931 136 6816 
18690 50 2541 
17005 280 14014 
18226 9 486 
17155 83 4172 
16228 292 14648 
18603 72 3603 
16303 170 8508 
17502 14 713 
18233 276 13814 
17005 161 8052 
17620 247 12384 
16724 6 346 
17056 349 17499 
14664 47 2394 
18497 245 12274 
15961 473 23689 
17331 18 905 
18512 145 7265 
18010 275 13758 
16215 0 21 
16148 103 5161 
14592 35 1793 
15785 192 9613 
17102 0 20 
14559 3 163 
15762 159 7980 
14149 4 244 
14623 5 300 
14610 71 3594 
14610 87 4356 
16853 90 4544 
17400 59 2989 
14921 92 4617 
17447 113 5683 
16389 145 7282 
16203 248 12412 
16817 16 847 
16506 227 11354 
17601 58 2938 
16483 28 1435 
18577 57 2890 
17322 45 2256 
17349 55 2777 
17646 28 1406 
15074 92 4649 
16022 32 1649 
18929 85 4277 
15520 95 4793 
14438 115 5754 
18697 342 17138 
16960 214 10723 
17875 15 800 
17665 28 1402 
17573 118 5916 
15877 227 11374 
18760 89 4453 
14470 46 2347 
15785 180 9033 
18492 498 24919 
18929 85 4277 
17789 8 450 
14876 42 2134 
17400 10 531 
15939 11 571 
17611 34 1724 
15422 90 4503 
15634 199 9958 
17835 236 11828 
15138 90 4508 
16802 189 9467 
17614 71 3551 
14530 10 523 
17681 4 208 
17956 173 8677 
15923 316 15841 
17320 26 1344 
15520 103 5157 
14148 29 1458 
15482 43 2159 
17349 27 1399 
16479 6 327 
17326 71 3553 
15639 96 4817 
17494 118 5912 
18935 330 16545 
14642 41 2054 
15952 216 10821 
16802 322 16123 
15667 29 1452 
16955 96 4818 
14643 117 5893 
16738 51 2596 
15957 39 1958 
16352 215 10790 
15652 17 867 
18021 175 8777 
14911 81 4072 
14329 282 14111 
18059 98 4907 
18010 33 1678 
15689 275 13780 
16379 235 11769 
15432 122 6141 
16464 11 584 
17638 52 2639 
14531 49 2485 
17413 339 16991 
18014 38 1919 
14316 7 364 
17400 154 7701 
15369 287 14388 
15981 15 767 
17626 22 1148 
18021 180 9012 
17354 38 1931 
16303 10 520 
14610 123 6188 
18781 128 6440 
18048 140 7049 
16964 169 8452 
14603 106 5347 
18021 615 30760 
16942 25 1260 
17400 140 7014 
17371 126 6311 
17745 44 2226 
14948 150 7548 
16148 44 2228 
18679 45 2264 
18922 389 19469 
14445 129 6497 
14121 100 5039 
15762 312 15619 
17874 55 2791 
17126 113 5663 
15880 11 600 
15880 17 864 
17693 373 18685 
17552 168 8441 
14356 243 12154 
14870 246 12337 
14469 88 4404 
15086 114 5702 
17407 8 406 
17958 15 771 
18603 173 8682 
17210 238 11914 
18024 245 12283 
15491 278 13909 
16573 83 4153 
15457 66 3307 
16518 105 5281 
15367 7 388 
18008 7 388 
17726 182 9135 
18863 22 1110 
18900 149 7475 
14294 15 765 
15870 73 3683 
16199 192 9609 
17616 9 457 
18234 12 613 
16890 10 533 
18506 24 1242 
18754 8 441 
17488 44 2221 
14275 10 522 
15917 233 11675 
17683 146 7304 
16877 22 1117 
14814 86 4340 
14637 79 4000 
18701 273 13666 
15882 95 4794 
18014 8 433 
16468 114 5747 
14911 84 4205 
17165 67 3400 
17206 447 22373 
18044 503 25171 
14450 115 5794 
15002 47 2381 
15437 33 1657 
14134 28 1446 
18923 499 24974 
17269 153 7697 
18876 25 1299 
18208 11 551 
17609 28 1446 
15975 70 3516 
14971 35 1799 
15774 226 11338 
15774 425 21274 
18740 5 258 
17415 89 4456 
18731 110 5510 
18931 118 5914 
15316 138 6943 
17655 277 13868 
17662 200 10037 
15969 28 1427 
18781 132 6635 
14796 120 6050 
17669 20 1032 
15975 97 4873 
15940 76 3809 
16113 102 5140 
18779 490 24518 
14335 214 10724 
18677 23 1168 
15222 68 3428 
17075 25 1286 
15391 87 4381 
17339 97 4877 
17155 38 1914 
17348 13 653 
14425 199 9964 
17840 110 5519 
14603 2 103 
14516 36 1803 
14516 45 2296 
18779 141 7067 
15231 78 3921 
15425 147 7393 
15456 44 2222 
17174 3 197 
15778 64 3237 
17851 208 10411 
16525 83 4170 
15389 39 1962 
16071 4 216 
17138 94 4708 
14907 143 7165 
18269 77 3900 
14269 194 9723 
17611 4 202 
17467 0 38 
16199 314 15727 
14940 24 1230 
14914 171 8578 
17609 1 86 
17112 49 2480 
18044 5 265 
15425 19 975 
18933 188 9423 
17169 235 11753 
15369 323 16168 
15875 319 15981 
15915 116 5812 
15797 18 908 
15933 106 5340 
15933 323 16182 
16694 60 3001 
15799 275 13755 
15491 308 15426 
17267 56 2831 
16272 312 15614 
16209 289 14453 
17584 59 2969 
16962 317 15867 
15125 125 6275 
17112 25 1283 
17112 60 3020 
16462 60 3026 
18026 189 9491 
17206 240 12043 
16978 381 19088 
15172 25 1295 
16172 415 20755 
17415 272 13648 
18687 265 13261 
15273 85 4283 
18266 1 77 
17689 72 3646 
15463 143 7179 
18625 4 242 
15136 122 6140 
14192 9 495 
18024 578 28911 
15501 215 10758 
15603 101 5077 
16807 109 5479 
14877 39 1955 
18054 323 16178 
18577 231 11591 
16288 18 901 
14329 158 7923 
16094 441 22076 
17592 101 5095 
17451 107 5397 
16583 150 7535 
15234 23 1198 
18748 107 5388 
15099 46 2306 
15946 171 8572 
15948 41 2088 
17383 556 27812 
14610 153 7700 
16509 120 6045 
14667 8 406 
18021 245 12261 
18062 261 13063 
14368 271 13581 
14367 220 11004 
18935 182 9125 
18795 9 461 
17249 124 6209 
15140 179 8997 
14876 9 495 
14677 45 2268 
15970 519 25999 
16205 58 2919 
18463 530 26542 
17846 103 5155 
15509 101 5100 
15846 181 9073 
15701 134 6744 
14774 164 8223 
17701 54 2706 
14611 55 2790 
16420 60 3025 
18024 190 9544 
15335 171 8561 
17128 57 2864 
18021 594 29744 
15179 98 4935 
16694 27 1382 
15965 51 2554 
14816 208 10409 
16073 247 12354 
18935 182 9125 
15339 221 11059 
17871 157 7877 
17871 342 17109 
16726 48 2449 
16746 104 5216 
18007 83 4193 
14245 199 9975 
15421 139 6968 
17876 91 4590 
14427 174 8716 
18679 97 4868 
16275 78 3925 
18750 164 8247 
18466 51 2591 
17684 32 1624 
14427 242 12103 
14985 57 2871 
16122 164 8241 
16301 152 7616 
17324 17 872 
16919 172 8644 
16041 16 801 
15425 103 5189 
18951 232 11626 
16151 0 37 
16909 8 435 
18665 210 10503 
14968 112 5618 
14327 71 3592 
18028 11 588 
16112 318 15923 
16761 348 17430 
14607 223 11159 
15031 2 115 
16141 17 854 
17840 219 10979 
14802 113 5686 
15894 18 903 
14936 7 376 
17972 143 7169 
17467 16 835 
18760 232 11610 
17612 36 1839 
17005 43 2151 
15433 166 8315 
14564 163 8159 
15590 95 4783 
18242 68 3447 
17675 57 2868 
14300 89 4459 
17960 209 10475 
15893 40 2025 
18040 60 3036 
18040 60 3038 
14220 41 2075 
15430 19 952 
14807 0 5 
16387 37 1854 
15151 74 3726 
17965 0 39 
14611 35 1768 
18007 96 4844 
17600 71 3566 
17172 1 85 
17228 63 3174 
17458 29 1496 
16821 383 19162 
16925 142 7124 
17670 29 1490 
18021 388 19431 
14989 210 10504 
16964 86 4323 
14555 254 12740 
16119 180 9039 
15800 71 3590 
14743 131 6592 
15916 399 19972 
14766 9 487 
14193 50 2503 
17449 51 2598 
16668 183 9166 
15867 59 2969 
17339 301 15073 
14548 178 8950 
15266 67 3378 
14244 21 1062 
17165 65 3281 
17165 87 4395 
14558 247 12386 
17855 52 2601 
15589 358 17950 
17364 44 2208 
15601 11 573 
15601 17 860 
17667 154 7738 
16023 169 8466 
