17467 55
17467 106
17139 146
17139 325
15017 34
15017 72
15017 183
17557 28
17557 47
17557 54
17557 120
14263 52
14263 205
14263 258
14280 9
14280 18
14280 31
15160 78
15160 323
15160 374
15160 391
15160 401
17497 4
17497 115
17497 204
14187 17
14187 23
14187 35
15093 73
15093 94
15799 2
15799 105
15799 119
15799 120
15799 141
15799 183
17497 19
17497 27
17497 71
17497 100
17497 179
17524 293
15249 92
15249 149
17301 14
17301 38
17301 56
17301 74
17301 89
17301 104
17301 123
17301 129
15222 217
15222 218
15222 229
14343 191
14343 198
14343 209
17467 34
17467 46
17467 63
17467 98
14257 191
17394 3
17394 33
17394 36
17394 45
17394 60
17394 124
17394 160
17394 212
17394 223
17394 227
14335 2
14335 39
14335 157
14335 258
14263 83
14263 224
14263 228
16212 1
16212 32
16212 34
16212 38
16212 59
16212 61
14453 206
14453 211
14955 13
14955 37
14955 129
15093 23
15093 60
14955 16
14955 67
14955 161
14343 320
15017 18
15017 119
15017 142
16946 0
16946 43
16946 112
16946 184
16946 190
16946 269
16946 279
14770 16
14770 71
15093 117
15093 125
17497 56
17497 149
17497 186
17557 17
17557 37
17557 98
17557 100
17557 104
17524 21
17524 23
17524 53
17524 93
14770 28
14770 31
14770 133
14770 195
14770 225
14662 26
14662 144
14662 175
14662 179
14662 180
14335 151
14335 202
14335 300
15093 19
15093 89
17557 10
17557 34
17557 68
17557 144
17557 148
14343 15
14343 70
14343 164
14343 228
14712 56
14712 112
14712 167
14712 183
14587 33
14587 45
14587 68
14587 71
14587 75
14587 90
16043 20
16043 32
16043 38
16043 50
16043 56
16043 73
14712 19
14712 34
14712 134
14712 185
17524 190
17524 205
17524 229
17524 267
17524 302
14981 4
14981 72
14981 165
14981 225
16043 25
16043 36
16043 37
16043 59
14770 153
14770 186
14770 260
14770 287
14335 75
14335 169
14335 177
14335 178
14453 121
14453 139
14453 153
16555 77
16555 97
16555 104
16555 159
14712 14
14712 23
14712 115
14712 157
14712 207
15160 46
15160 263
15160 320
15160 345
17144 61
17144 64
17144 83
17144 104
17144 137
14712 0
14712 79
14712 133
14712 228
17308 17
17308 158
14257 131
17196 2
17196 3
17196 4
17196 20
17196 21
17196 23
17196 37
17196 54
16204 0
16204 1
16204 49
16204 103
16204 108
14772 70
14772 124
14772 201
14772 204
14772 250
14772 272
14263 101
14263 183
14263 285
15160 124
15160 153
15160 191
15160 270
17139 308
15438 1
15438 5
15438 8
15438 11
17301 18
17301 48
17301 60
17301 76
17301 85
17301 98
17467 5
17467 84
17467 87
17467 94
15832 181
17497 121
17497 222
17497 230
15832 18
15832 87
15832 119
15832 131
15832 138
15832 154
14335 74
14335 140
14335 145
14280 39
14662 19
14662 125
14662 178
14662 199
14662 204
14136 43
14136 47
14136 60
14280 12
14280 38
14280 44
15222 1
15222 7
15222 31
15222 35
15222 82
15222 111
15222 121
15222 126
15222 220
15222 242
14438 3
14438 17
14438 66
14438 141
14438 151
14438 218
14438 220
16038 30
16038 105
16038 338
16038 371
16038 375
16793 25
16793 31
16793 32
16793 40
14890 40
14712 48
14712 77
14712 153
14712 166
16555 188
17497 93
17497 98
17497 235
14438 274
14438 283
15832 3
15832 8
15832 65
15832 66
15832 92
15832 124
15832 170
15017 148
15017 193
15017 196
17076 7
17308 8
17308 16
17308 63
17308 77
17308 115
17308 134
17308 145
17557 6
17557 117
17557 131
17557 154
14590 17
14590 18
14590 26
14590 29
14590 37
14590 49
14590 65
14590 120
16066 11
16066 21
16066 22
16066 30
14453 122
14453 220
17557 160
14590 14
14590 35
14590 62
14590 67
14590 79
14590 93
14590 99
14590 104
14343 1
14343 25
14343 186
14343 319
14257 102
14257 118
14257 165
14257 176
14257 180
14772 77
14772 192
14772 242
14772 255
14712 59
14712 73
14712 151
14712 194
14712 208
14770 111
14770 122
14770 242
14770 268
15017 75
15017 109
15017 153
15093 64
15093 106
14662 22
14662 52
14662 124
14662 167
14662 231
15222 2
15222 39
15222 58
15222 90
15222 128
15222 138
15222 140
15222 151
15222 171
15222 199
14280 29
14280 57
14280 71
14955 119
16047 56
14890 13
14890 70
14890 85
14890 110
14187 136
16147 1
16147 108
16147 344
16147 370
14662 5
14662 117
14662 156
14662 265
15093 54
15093 70
14772 125
14772 181
14772 245
14772 247
14772 289
14770 125
14770 155
14770 161
14770 227
14770 282
14257 106
14257 108
14257 129
14257 228
14257 232
14257 235
14263 234
14263 311
14263 318
15160 45
15160 105
15160 204
15160 296
15051 11
15051 14
15051 16
14770 143
14770 184
14770 214
14770 259
17557 31
17557 91
17557 112
17557 170
14343 79
14343 87
14343 106
14343 290
14712 245
14712 253
14343 202
14343 245
14830 29
14830 39
16814 9
16814 13
16814 14
16814 32
16814 35
14770 25
14257 224
14257 227
14770 19
14770 236
14770 302
14770 306
14830 13
14830 27
14830 35
17524 2
17524 24
17524 37
17524 108
15832 115
15832 141
15832 183
14438 261
14438 292
17139 4
17139 26
17139 40
17139 41
17139 64
17139 82
17139 115
14438 72
14438 87
14438 128
14438 134
14438 153
14438 173
14438 249
14438 276
14438 294
14981 196
14453 55
14453 78
14453 93
14453 138
14335 314
15160 175
15160 177
15160 333
15160 370
15160 393
14822 41
14822 46
14822 49
14955 35
14955 111
14955 133
17223 0
17223 16
17223 17
17223 18
17223 19
16453 38
16453 91
16453 228
16453 309
16453 333
14343 54
14343 187
14343 272
16147 62
16147 87
16147 99
16147 182
16147 218
16147 254
14890 26
14890 44
14890 74
14890 81
14438 22
14438 53
14438 64
14438 69
14438 131
14438 137
14438 178
14438 243
14886 25
14886 51
14886 111
14886 133
14257 36
14257 37
14257 146
14257 186
16122 82
16122 88
16122 163
16122 210
16122 229
16122 382
16122 37
16122 87
16122 114
16122 241
16122 296
16122 398
16122 405
14770 55
17144 40
17144 68
17144 92
17144 105
14343 11
14343 80
14343 143
14343 149
14185 12
14185 13
14185 14
14263 73
14263 145
14263 154
14263 246
16066 9
16066 12
16066 15
16066 28
16066 52
15222 22
15222 77
15222 154
15222 183
15222 190
15222 197
14890 29
14890 72
14890 129
14890 135
17144 11
17144 50
17144 55
17144 182
14886 12
14886 74
14886 80
16122 513
16122 517
16122 540
14662 36
14662 40
14662 68
14662 85
14662 221
14343 38
14343 166
14343 233
14343 283
15249 9
15249 27
15249 123
15249 126
14712 13
14712 78
14712 135
14712 221
14712 226
14712 237
16814 6
16814 24
16814 30
16814 36
17524 188
17524 199
17524 223
17524 271
17524 309
17524 194
17524 245
17524 246
17524 273
17524 276
14890 32
14890 111
14890 120
14770 201
14770 304
14772 58
14772 120
14772 177
14772 221
14772 234
17524 200
17524 202
17524 227
17524 228
17524 286
17524 18
17524 54
17524 97
17524 163
17524 164
14263 97
17557 3
17557 78
17557 83
17557 130
14343 2
14343 112
14343 277
14712 40
14712 218
14712 236
14712 247
16231 10
16231 23
16231 57
16231 68
16231 140
14263 88
14263 201
14263 221
14257 30
14257 73
14257 79
14257 221
14257 231
16946 56
16946 90
16946 106
16946 138
16946 173
16946 185
16946 236
16204 10
16204 24
16204 54
16204 59
16204 62
16204 95
17557 7
17557 15
17557 42
17557 71
17557 141
15160 55
15160 118
15160 317
15160 363
15832 67
15832 106
15832 152
15832 174
14187 29
14187 58
14187 127
14343 35
14343 159
14343 207
14343 220
16122 8
16122 46
16122 99
16122 105
16122 387
16038 87
16038 136
16038 314
16038 351
15249 73
15249 111
14590 47
14590 130
15160 1
15160 140
15160 351
15160 375
15249 97
14772 23
14772 153
14772 259
14772 264
14772 266
14772 286
16147 155
16147 389
14343 308
17557 158
17557 173
14770 152
14770 183
14770 223
14770 273
15160 194
15160 318
15160 381
15160 396
16953 21
16953 25
14981 35
14981 87
14955 69
15799 25
15799 30
15799 59
15799 132
15799 170
15799 188
15799 215
15799 229
14770 0
14770 6
14770 27
14770 61
14770 82
14187 128
14187 134
15160 69
15160 161
15160 178
15160 201
14712 58
14712 124
17497 165
17497 171
17497 251
15832 175
14981 217
15799 28
15799 57
15799 147
15799 238
17308 11
17308 23
17308 29
17308 34
17308 44
17308 117
17308 141
15017 113
15017 131
15017 150
14662 260
14981 40
14981 89
14981 148
14257 98
14257 148
14257 162
14257 195
14343 181
14343 300
14662 89
14662 92
14662 195
14662 244
14335 118
14335 150
14335 168
14335 263
14453 19
14453 102
14453 118
14453 155
16453 44
16453 58
16453 59
16453 162
16453 176
14280 37
14280 60
14280 66
14280 67
17497 44
17497 164
17497 217
16944 121
16944 276
15832 27
15832 32
15832 38
15832 73
15832 143
16613 1
16613 3
14890 64
14343 5
14343 117
14343 161
14343 215
16976 76
16976 114
16976 115
14981 30
14981 140
14981 212
16147 324
16147 361
16147 364
16147 367
17139 17
17139 63
17139 170
17139 181
17139 251
17139 267
16944 61
16944 101
16944 106
16944 174
16944 191
16944 229
16944 238
16944 266
14662 223
14662 228
14662 255
14662 259
14590 12
14590 58
14590 89
14590 139
14590 150
14590 151
16555 92
16555 151
16555 154
16555 173
17524 87
17524 100
17524 147
17524 179
17524 184
14981 88
14981 137
14981 234
15799 19
15799 40
15799 51
15799 88
15799 110
15799 152
14890 109
14890 127
14890 133
14590 78
14590 142
16147 148
16147 197
16147 204
16147 295
16147 396
17497 42
17497 57
17497 137
17497 199
14770 36
14770 81
14953 13
14953 14
17497 8
17497 79
17497 239
17497 250
14335 38
14335 91
14335 110
14335 132
14335 264
14335 279
15222 30
15222 49
15222 55
15222 87
15222 91
15222 95
15222 100
15222 166
15222 188
15222 212
17144 99
17144 113
17144 164
17144 174
17144 181
17144 189
14343 41
14343 131
14343 134
14772 81
14772 102
14772 107
14772 220
15017 105
15017 117
15017 141
15017 158
14343 130
14343 183
14343 273
17524 26
17524 63
17524 90
17524 123
17524 148
15093 99
15093 116
16555 23
16555 62
16555 66
16555 139
14886 48
14886 124
14886 162
16946 75
16946 92
16946 135
16946 216
16946 228
14216 4
14216 6
14216 16
14216 42
14216 69
16453 195
16453 214
16453 241
16453 298
17449 54
14438 117
14438 233
14438 278
14438 280
14343 28
14343 31
14343 42
14343 234
16038 247
16038 399
15222 5
15222 45
15222 72
15222 84
15222 92
15222 137
15222 149
15222 191
15222 198
15222 228
15017 16
15017 181
15017 161
15017 198
17467 48
17467 105
14981 122
14981 156
14981 192
14955 75
14955 162
14955 164
14981 10
14981 70
14981 163
14981 164
14263 82
14263 102
14263 171
14263 232
15832 21
15832 35
15832 54
15832 85
15832 89
15832 132
14981 248
14981 256
15832 50
15832 52
15832 157
16453 9
16453 79
16453 112
16453 280
16453 318
14886 59
14886 87
14886 119
16814 31
16814 38
17380 3
17380 22
17380 29
17380 31
17380 32
17380 35
17380 43
17380 51
14890 51
14335 9
14335 96
14335 126
14335 129
14335 184
17497 22
17497 58
17497 104
16122 14
16122 91
16122 216
16122 217
16122 249
16122 355
16122 455
17301 11
17301 21
17301 25
17301 78
17301 105
17497 28
17497 78
17497 129
14335 93
14335 98
14335 137
14335 222
17497 203
14335 21
14335 224
14335 268
14335 298
14955 24
14955 25
14955 60
16204 3
16204 19
16204 57
16204 83
16204 92
14453 205
16122 20
16122 491
17139 0
17139 28
17139 38
17139 52
17139 92
17139 126
17139 180
17139 187
16040 3
16040 14
16040 54
16040 97
14886 17
14886 73
14886 115
14772 117
14772 118
14772 291
14772 294
14263 60
14263 231
14263 262
17308 75
17308 80
17308 106
17308 116
17308 139
17308 144
15017 187
15017 202
17467 21
17467 67
17467 95
14662 28
14662 49
14662 84
14662 100
14662 242
16808 4
16808 5
16808 7
16808 14
16808 19
17467 8
17467 13
17467 14
17467 83
14886 29
14886 106
14886 126
14770 92
14770 98
14770 203
14770 231
14187 137
14662 106
14662 109
14662 131
14662 139
14662 185
17497 10
17497 24
17497 35
17497 87
17497 128
14263 94
14263 238
14263 254
14335 29
14335 181
14335 189
14335 199
14335 228
16944 2
16944 13
16944 69
16944 75
16944 129
16944 205
15160 48
15160 106
15160 163
15160 192
15160 238
16038 149
16038 172
16038 184
16038 235
16038 271
16038 408
14712 32
14712 128
14712 231
14712 241
14712 251
16976 57
16976 65
16976 75
16976 77
16976 87
16976 90
16976 111
16976 126
17301 19
17301 132
17301 137
17394 17
17394 21
17394 70
17394 103
17394 108
17394 125
17394 213
17394 221
17394 229
17394 235
14955 14
14955 45
14955 88
14770 44
14770 180
14770 247
14770 285
14955 153
14955 169
14257 157
14257 197
15160 36
15160 53
15160 165
15160 170
15160 221
15832 17
15832 20
15832 36
15832 101
15832 105
15832 127
15160 28
15160 66
15160 86
15160 115
17144 48
17144 71
17144 111
17144 133
16147 34
16147 43
16147 92
16147 212
16147 247
16147 251
16147 358
16147 368
15093 31
15093 76
14263 62
14263 136
14263 283
17196 11
17196 24
17196 38
17196 41
17196 45
17196 47
17196 59
17196 60
15832 11
15832 14
15832 78
15832 83
15832 96
15832 153
15832 162
15160 17
15160 88
15160 134
15160 272
15160 379
16122 213
16122 346
16122 477
16122 500
17440 39
17440 65
17440 88
17440 95
17440 129
17440 149
14263 179
14263 250
14263 257
14263 269
14830 46
14216 57
14216 80
14216 85
14216 93
14886 23
14886 170
14886 172
17224 5
17224 8
17224 19
17224 27
17224 38
17224 45
14280 28
14280 62
14280 69
14343 297
14343 316
14263 21
14263 106
14263 148
17139 298
17139 311
14772 137
14772 152
14772 154
14772 207
14772 237
17139 43
17139 89
17139 108
17139 120
17139 230
17139 254
17139 256
15017 23
15017 30
15017 97
15017 127
17223 1
17223 4
17223 6
17223 8
17223 12
15160 180
15160 183
15160 211
15160 256
15160 257
14257 45
14257 46
14257 76
14257 115
14257 179
15160 52
15160 59
15160 103
15160 289
16147 20
16147 69
16147 168
16147 221
16147 279
16147 321
14587 7
14587 20
14587 48
14587 51
14587 81
14587 97
17144 41
17144 91
17144 94
17144 107
17144 184
14187 42
14187 47
14187 80
17524 192
17524 195
17524 236
17524 243
17524 280
15799 114
15799 206
15799 217
15799 219
15799 262
16976 6
16976 22
16976 37
16976 60
16976 120
16976 129
16976 134
16976 139
17144 1
17144 18
17144 62
17144 115
17144 128
16147 19
16147 57
16147 58
16147 201
16147 259
16147 294
16147 297
15160 67
15160 174
15160 271
15160 373
17139 58
17139 90
17139 93
17139 166
17139 173
17139 288
17139 327
14263 18
14263 30
14263 196
14216 38
14216 52
14216 77
14216 88
14216 91
14955 0
14955 43
14955 57
14263 98
14263 133
14263 256
15160 362
15160 387
16122 39
16122 42
16122 127
16122 331
16122 353
16122 449
15017 22
15017 32
15017 37
15017 52
17524 19
17524 46
17524 74
17524 120
14772 33
14772 49
14772 226
14772 281
16453 74
16453 104
16453 122
16453 164
16453 196
16453 273
14772 76
14772 157
14772 194
14772 196
14890 55
14890 58
14890 62
17224 46
17224 47
17224 50
15222 10
15222 18
15222 32
15222 64
15222 159
15222 175
15222 177
15222 204
15222 216
15222 221
14263 322
14438 73
14438 88
14438 168
14438 204
14438 205
14438 252
14187 3
14187 26
14187 120
16040 6
16040 131
16040 136
15160 292
14955 31
14955 70
14955 77
14343 34
14343 47
14343 67
14263 26
14263 243
14955 105
14335 12
14335 59
14335 114
14335 165
14335 192
14453 44
14453 77
14453 137
14770 189
14770 277
15017 10
15017 81
15017 143
15017 170
14886 30
14886 61
14886 88
16043 0
16043 7
16043 34
16043 43
14770 12
17139 31
17139 72
17139 75
17139 152
17139 172
17139 312
17139 314
17139 319
17139 332
14136 33
14136 45
14136 70
14343 7
14343 46
14343 102
17139 7
17139 46
17139 114
17139 158
17139 182
17139 54
17139 74
17139 102
17139 125
17139 229
17139 242
17139 248
17524 233
17524 301
17524 303
17524 312
14712 35
14712 95
14712 118
14712 210
17301 16
17301 22
17301 115
17301 120
14890 48
14890 59
14890 60
14890 89
14343 170
14343 193
14343 241
14343 260
15051 0
15051 6
15051 18
14890 68
14890 114
14890 118
15799 52
15799 77
15799 248
14187 0
14187 33
14187 43
14335 34
14335 260
14335 272
14335 278
17497 131
17497 146
17497 158
14257 33
14257 51
14257 136
14257 139
14257 155
17308 36
17308 37
17308 82
17308 110
17308 130
17308 148
16453 20
16453 64
16453 78
16453 217
14257 2
14257 23
14257 112
14257 152
16944 38
16944 43
16944 146
16944 167
16944 185
16944 189
16944 217
15160 169
17144 168
14770 132
14770 239
14770 251
14770 275
14772 78
14772 90
14772 119
14772 149
14772 211
14772 218
16066 19
16066 40
16047 12
16047 25
16047 28
16047 33
16147 13
16147 29
16147 84
16147 196
16147 249
16147 263
16147 316
16147 319
14343 163
14343 256
14343 296
16038 45
16038 425
16038 433
16038 435
14590 22
14590 147
14590 149
14770 58
14770 68
14770 170
14770 222
17144 19
17144 28
17144 96
17144 179
14335 70
14335 106
14335 219
14187 64
14187 104
14187 124
14187 133
15222 15
15222 144
15222 146
15222 176
15222 211
15222 236
16946 6
16946 23
16946 151
16946 166
16946 197
16946 248
17308 9
17308 33
17308 72
17308 83
17308 99
17308 101
17308 123
17099 3
17099 19
17099 50
17099 82
17099 85
17099 86
17099 95
16040 27
16040 29
16040 37
16040 51
16040 69
14438 12
14438 29
14438 57
14438 86
14438 136
14438 160
14438 262
14955 33
14955 143
14955 151
14712 72
14712 89
14712 150
14712 164
14712 198
14662 12
14662 47
14662 99
14662 171
14662 172
14662 190
17449 36
16147 3
16147 332
14981 3
14981 102
14981 128
16453 135
16453 239
16453 240
16453 260
14890 136
14890 137
14890 138
14886 38
14886 84
14886 101
17139 30
17139 264
17139 285
14257 4
14257 91
14257 96
14257 169
16147 194
16147 206
16147 373
16147 401
17139 15
17139 51
17139 241
16231 2
16231 14
16231 79
16231 97
16231 99
16231 122
14263 10
14263 25
14263 159
14770 24
14770 26
14770 93
14770 191
16147 30
16147 360
16147 369
16793 65
16793 74
16453 45
16453 98
16453 180
16453 243
16453 347
14712 240
14712 248
17497 68
14343 281
14343 288
16946 45
16946 59
16946 66
16946 80
16946 98
16946 237
14263 160
14263 180
14263 194
16944 56
16944 227
16944 261
16944 271
16147 67
16147 70
16147 184
16147 277
16147 293
16147 301
16147 336
17144 9
17144 73
17144 74
17144 154
17144 160
14886 72
14886 89
14886 112
14587 4
14587 17
14587 40
14587 62
14587 72
14587 91
14587 109
14587 110
17224 53
17224 60
14438 179
14438 266
14335 55
14335 65
14335 213
14453 4
14453 5
14453 6
14453 47
14453 56
14453 73
14453 114
14453 146
14453 184
14343 97
14343 132
14343 195
14343 224
16946 11
16946 24
16946 60
16946 79
16946 120
16946 159
16946 245
15160 99
15160 142
17308 5
17308 57
17308 74
17308 79
17308 119
17308 135
17308 143
16038 60
16038 198
16038 275
16038 316
16038 325
14263 156
14772 85
14772 99
14772 109
14772 189
14772 190
14955 9
14955 168
14955 171
17557 21
17557 55
17557 58
17557 61
17557 138
16122 248
16122 507
17497 72
17497 76
17497 118
14343 76
14343 203
17394 29
17394 86
17394 130
17394 134
17394 145
17394 157
17394 178
17394 190
17394 224
17394 220
16946 73
16946 149
16946 232
16946 244
14662 31
14662 41
14662 61
14662 216
15093 6
15093 67
15160 31
15160 37
15160 57
15160 126
14263 46
14257 70
14257 175
15093 18
15093 43
16040 105
16040 119
16040 120
16040 137
14981 26
14981 229
14981 232
14438 34
14438 47
14438 107
14438 146
14438 148
14438 149
14438 177
14438 180
17139 2
17139 280
17139 296
17380 49
17380 52
16212 19
16212 31
16212 52
16212 64
16212 68
16212 71
14590 9
14590 13
14590 56
14590 66
14590 74
14590 87
14590 102
14590 108
14981 83
14981 150
14981 182
14263 158
14263 192
14263 197
14263 203
14187 20
14187 49
14187 65
17380 1
17380 9
17380 19
17380 20
17380 28
17380 40
17380 48
17380 54
17308 2
17308 50
17308 56
17308 78
17308 85
17308 124
17308 151
15093 7
15093 44
14257 17
14263 0
14263 190
14263 230
14257 21
14257 61
14257 88
14257 204
14343 12
14343 156
14343 157
14343 227
17099 5
17099 31
17099 34
17099 51
17099 65
17099 78
17099 84
17099 100
17301 4
17301 10
17301 75
17301 80
17301 95
17301 108
14981 168
17440 11
17440 43
17440 76
17440 109
17440 136
17440 165
17440 176
17440 181
17440 187
14590 0
14590 105
14590 135
17524 3
17524 151
17524 158
17524 160
14955 15
14955 117
14955 124
14335 1
14712 27
14712 36
14712 97
14712 209
14712 223
17139 101
17139 212
15093 29
15093 45
17099 110
14712 62
14712 101
14712 152
14712 177
14712 192
14187 90
14136 6
14136 11
14136 20
14136 24
15160 100
17144 31
17144 170
14955 64
14955 65
14955 154
14343 4
14343 105
16814 11
16814 28
16814 39
15222 27
15222 83
15222 108
15222 135
15222 142
15222 203
15222 213
15222 233
17139 266
17139 293
17139 304
14343 48
14343 57
14343 119
14343 226
16453 49
16453 218
16453 364
16453 380
16453 384
15799 6
15799 133
15799 178
14733 14
14733 17
14733 26
14733 64
14733 68
15222 23
15222 37
15222 62
15222 79
15222 120
15222 132
15222 145
15222 148
15222 168
15222 196
14257 12
14257 83
14257 183
14257 214
14257 215
16946 3
16946 12
16946 22
16946 76
16946 86
16946 161
14438 63
14438 194
16976 16
16976 148
17301 0
17301 5
17301 7
17301 31
17301 35
17301 49
17301 55
17301 71
17301 82
17301 101
17099 16
17099 89
17224 2
17224 16
17224 34
17224 55
17224 59
14772 6
14772 52
14772 108
14772 141
14772 240
14770 20
14770 30
14770 32
14770 174
14955 8
14955 10
14955 92
16212 0
16212 6
16212 11
16212 20
16212 67
16212 73
14733 16
14733 36
14733 48
14733 66
14772 79
14772 173
14772 198
14772 258
16453 29
16453 65
16453 160
16453 185
16453 230
14981 41
14981 205
14981 211
14662 67
14662 82
14662 245
14662 262
14662 274
14770 108
14770 221
14770 256
14770 269
14770 286
15017 40
15017 80
14216 7
14216 58
14216 67
14216 71
14216 90
14257 59
14257 60
14257 66
14257 151
14587 0
14587 8
14587 22
14587 31
14587 49
14587 66
14587 73
14587 96
14587 105
16047 48
14712 6
14712 28
14712 84
14712 113
14712 187
14263 56
14263 176
14263 206
14772 37
14772 50
14772 59
14772 104
14772 139
14772 241
17524 252
17524 254
17524 299
17524 306
17467 30
17467 110
17394 22
17394 24
17394 53
17394 64
17394 91
17394 102
17394 169
17394 201
17394 211
14280 23
14280 32
14280 41
15017 41
15017 53
15017 66
16555 74
16555 80
16555 98
16555 108
16555 146
17557 101
17557 135
14263 74
14263 259
14263 268
17497 55
17497 66
17497 151
17308 3
17308 28
17308 35
17308 51
17308 54
17308 89
17308 90
17308 114
16040 22
16040 43
16040 46
16040 68
14712 5
14712 12
14712 45
14712 96
14712 169
14712 173
14662 137
14662 181
14662 198
14662 220
14662 241
17497 13
17497 126
17497 145
17497 224
16453 6
16453 93
16453 142
16453 163
16453 253
15093 85
15093 88
16956 1
16956 4
16956 6
16956 7
16956 11
16956 15
16956 16
16956 18
16122 0
16122 118
16122 219
16122 250
16122 298
16122 370
17440 30
17440 81
17440 100
17440 102
17440 113
17440 147
14886 82
14886 152
14886 153
15160 87
15160 236
15160 279
15160 384
16231 0
16231 4
16231 21
16231 67
16231 98
17497 125
17497 135
17497 176
14886 78
14886 81
14886 92
14590 25
14590 31
14590 32
14590 82
14590 122
14590 145
14335 109
14335 217
14335 221
14335 255
14335 293
14770 118
14770 172
14770 199
14770 250
15160 264
15160 397
15249 90
15249 98
15249 29
15249 54
15249 58
14335 71
16122 59
16122 137
16122 227
16122 369
16122 442
17497 252
14453 213
14453 216
17440 5
17440 29
17440 105
17440 107
17440 128
17440 131
15288 0
15288 7
15288 14
15288 17
15288 20
14343 64
14343 96
14343 212
14343 238
14343 268
14453 10
14453 33
14453 64
14453 91
14453 144
14453 160
14453 163
17301 51
17301 61
14712 66
14712 244
17394 20
17394 47
17394 58
17394 112
17394 132
17394 137
17394 143
17394 164
17394 191
17394 198
14772 64
14772 74
14772 116
14772 174
14772 187
14772 288
15799 231
15799 247
15799 264
15799 274
16453 159
16453 189
16453 204
16453 272
16453 339
15160 81
15160 89
15160 159
15160 242
15160 283
17380 2
17380 7
17380 11
17380 15
17380 26
17380 33
17380 37
17380 47
14335 14
14335 133
14335 141
14335 194
17394 56
17394 71
17394 88
17394 94
17394 129
17394 135
17394 195
17394 214
16122 109
16122 450
16122 519
17440 26
17440 77
17440 110
17440 111
17440 116
17440 137
17440 177
17139 98
17139 215
17139 239
17139 270
17497 33
17497 132
17497 134
14955 49
14955 87
14955 112
16946 62
16946 119
16946 144
16946 146
16946 221
16946 260
14335 174
14335 301
14335 302
14335 309
17524 30
17524 94
17524 116
17524 161
17301 1
17301 42
17301 94
17301 97
17301 99
17301 116
17301 121
17301 124
15799 85
15799 101
15799 173
15799 213
15799 270
17394 48
17394 80
17394 81
17394 148
17394 152
17394 176
17394 186
17394 219
17394 236
17394 243
14712 65
14712 92
14712 102
14712 163
16453 19
16453 170
16453 177
16453 222
16453 277
16453 290
15550 12
15160 5
15160 62
15160 212
15160 241
15160 364
14955 68
14955 90
14955 147
14955 150
16147 37
16147 296
16147 335
17099 27
17099 29
17099 75
17099 92
17099 113
16659 4
16659 6
14343 109
14343 293
14343 301
16555 5
16555 47
16555 127
16555 153
14263 85
14263 111
14263 113
16231 26
16231 46
16231 69
16231 108
16231 153
15017 38
15017 101
15017 125
17139 275
17139 278
17139 323
15160 321
15160 348
14343 81
14343 189
14343 289
14830 6
14830 31
14830 49
14770 117
14136 10
14136 17
14136 37
14136 75
14981 36
14981 76
14981 95
16453 179
16453 252
16453 336
16453 371
16453 381
14136 2
14136 50
14136 61
14257 56
14257 103
14257 111
14257 210
14335 7
14335 46
14335 146
14335 159
15027 0
15027 2
15027 3
14981 11
14981 175
14981 200
14335 53
14335 81
14335 123
14335 136
14335 237
14981 242
14981 37
14981 111
14981 170
16122 144
16122 212
16122 475
16212 18
16212 21
16212 37
16212 53
16212 69
14335 73
14335 230
14335 305
14335 312
14770 124
14770 142
14770 219
14770 289
14438 1
14438 2
14438 15
14438 120
14438 124
14438 127
14438 255
16231 20
16231 34
16231 45
16231 59
16231 110
14335 80
14335 105
14335 113
14335 173
14335 197
14712 184
14770 126
14770 166
14770 185
14770 206
15249 22
15249 43
15249 130
15249 135
14343 69
14343 153
14343 222
14343 242
14263 87
14263 103
14263 168
17139 100
17139 132
17139 188
17139 265
17139 268
17139 310
14955 18
14955 42
14955 63
14263 153
14263 273
16122 36
16122 412
17467 3
17467 35
17467 42
17467 60
15093 5
15093 112
14136 13
14136 69
14136 74
17394 240
17139 14
17139 96
17139 139
17139 164
17139 202
17139 306
17524 237
17524 285
17524 289
17524 300
17524 305
14185 11
14185 21
14185 33
14335 51
14335 257
14335 276
14335 288
14335 37
14335 116
14335 156
14335 205
14335 247
16944 116
16944 131
16944 179
16944 211
16944 222
16944 223
16944 270
14822 18
14822 30
14822 52
17449 1
17449 3
17449 30
17449 34
17449 41
17139 3
17139 33
17139 77
17139 121
17139 142
17139 156
17139 225
17139 231
14981 25
14981 98
14981 184
15017 36
15017 69
15017 107
15017 147
17139 176
17139 259
17139 302
17139 317
16038 159
16038 168
16038 303
16038 379
16147 195
16147 385
16147 398
14772 122
14772 156
14772 230
14772 252
14772 263
14890 52
14890 84
14890 99
14890 117
16038 24
16038 248
16038 304
16038 340
14257 64
14257 184
14257 207
14257 213
17139 27
17139 88
17139 113
17139 116
17139 124
17139 208
17139 216
17139 233
14981 216
15093 97
15093 118
14257 58
14257 212
14343 17
14343 208
14343 211
14343 214
14438 79
14438 172
14712 52
14712 71
14712 104
14712 137
14830 51
14830 54
14662 1
14662 81
14662 149
14662 176
14662 235
16231 1
16231 38
16231 54
16231 160
14187 68
14187 88
14187 118
16944 15
16944 26
16944 290
17099 15
17099 56
17394 18
17394 72
17394 79
17394 109
17394 123
17394 140
17394 144
17394 151
17394 166
17394 238
14770 2
17557 27
17557 39
17557 43
17557 75
17557 142
14335 273
14438 216
14438 279
16122 145
16122 160
16122 515
17557 52
17557 81
17557 122
17557 127
15160 97
15160 354
15160 386
16946 116
16946 127
16946 168
16946 191
16946 222
16946 253
16946 254
16946 267
14216 79
14981 103
14981 120
14981 155
14822 60
15160 328
15160 339
14712 16
14712 20
14712 51
14712 54
14712 67
17099 12
17099 99
17099 112
17497 86
17497 231
17497 246
16043 76
14335 5
14335 24
14335 147
14335 239
14335 294
15832 47
15832 76
15832 80
15832 113
15832 116
15832 158
15832 177
16976 142
16976 155
16038 89
16038 258
16038 278
16038 345
16038 386
16038 392
14662 0
14662 7
14662 10
14662 83
14662 107
14662 118
14662 164
17524 212
16122 12
16122 93
16122 119
16122 199
16122 264
16122 432
16122 468
17467 27
17467 101
14587 3
14587 11
14587 37
14587 47
14587 56
14587 57
14587 111
14587 113
14587 114
16038 101
16038 233
16038 270
16038 385
16038 421
17144 53
17144 58
17144 77
17144 78
17144 97
17144 37
17144 89
17144 117
17144 139
17144 150
17144 165
14263 58
14263 216
14263 225
14335 50
14335 66
14335 119
14335 164
17308 4
17308 49
17308 60
17308 68
17308 86
17308 93
17308 102
17308 137
17308 140
17308 162
14712 53
14712 100
14712 125
14712 144
14712 181
17440 2
17440 60
17440 82
17440 87
17440 142
17440 143
17440 156
14453 29
14453 142
14453 200
14453 212
14453 221
15160 297
17524 8
17524 178
14187 6
14187 40
14187 63
14187 93
16038 236
16038 254
16038 284
16038 359
16038 431
14890 36
14890 54
14890 103
17394 7
17394 9
17394 49
17394 77
17394 98
17394 99
17394 192
17394 200
17394 209
17394 226
14587 102
14587 108
14587 21
14587 27
14587 106
14587 116
15017 50
15017 112
15017 168
15017 180
15799 17
15799 47
15799 63
15799 74
15799 159
15799 200
14733 0
14733 20
14733 37
14733 41
14733 59
14662 115
14662 116
14662 152
14662 159
14662 230
14712 31
14712 63
14712 111
14712 158
14981 110
14981 252
14981 257
15160 60
15160 61
15160 111
15160 329
17139 11
17139 53
17139 66
17139 85
17139 261
17139 324
16231 3
16231 42
16231 65
16231 84
16231 138
14187 34
14187 86
14187 102
14257 10
14257 16
14257 20
14257 44
14257 150
15017 9
15017 35
15017 106
15017 126
14886 47
14886 55
14886 75
14453 46
14453 94
14453 117
14453 123
14453 129
14453 168
14981 15
14981 43
14981 190
15799 3
15799 33
15799 44
15799 58
15799 98
15799 137
15799 180
14343 311
14343 321
15018 1
15018 5
15018 6
16122 148
16122 383
16122 501
15160 39
15160 109
15160 371
15160 376
17497 101
17497 106
17497 110
14136 53
14136 71
16946 20
16946 36
16946 69
16946 74
16946 218
16946 250
16946 292
17301 27
17301 50
17301 57
17301 87
17301 93
17301 107
17301 122
15160 155
16204 21
16204 31
16204 56
16204 72
16204 86
16204 101
16555 13
16555 61
16555 126
16555 141
14662 55
14662 69
14662 120
14662 160
14662 161
14822 8
14822 10
14822 35
14216 0
14216 19
14216 23
14216 34
14216 39
14216 72
15160 101
15160 108
15160 361
14886 69
14886 77
14886 146
14830 0
14830 23
14830 43
14438 9
14438 56
14438 198
14438 260
15799 1
15799 12
15799 70
15799 79
15799 82
15799 131
14981 79
14981 123
14981 186
14981 203
14822 14
14822 44
14822 47
15288 21
17497 0
17497 14
17497 94
17497 138
17497 223
14335 111
14335 125
14335 214
14335 227
14335 235
14343 10
14343 45
14343 125
14343 133
14712 18
14712 82
14712 145
14712 155
16555 179
16453 36
16453 40
16453 63
16453 70
16453 219
14343 154
14343 169
14343 185
14343 55
14343 66
14343 136
14343 213
14955 58
14955 108
14955 148
14955 155
15249 75
14955 22
14955 28
14955 66
17144 34
17144 51
17144 76
17144 126
17144 134
17144 140
14136 4
14136 8
14136 40
14136 41
14438 67
14438 196
14438 284
16808 0
16808 10
16808 12
16808 13
16808 22
14733 2
14733 61
14733 62
14733 67
14733 72
16122 531
16122 541
16122 543
17394 16
17394 28
17394 39
17394 42
17394 116
17394 159
17394 174
17394 177
17394 234
17394 245
14886 8
14886 64
14886 123
14770 13
14770 49
14770 110
14770 217
14770 270
14590 2
14590 16
14590 46
14590 81
14590 88
14590 94
14590 129
14590 132
16946 125
16946 152
16946 167
15249 8
15249 136
14822 39
14822 59
14772 24
14772 40
14772 165
14772 197
14772 267
16555 15
16555 147
16555 156
16555 177
16555 185
14590 6
14590 7
14590 33
14590 45
14590 55
14590 57
14590 59
14590 73
14886 31
14886 98
17139 87
17139 206
17139 299
16453 183
16453 257
16453 319
16453 331
17308 13
17308 103
17308 113
17308 120
15222 26
15222 43
15222 61
15222 163
16038 53
16038 122
16038 244
14335 0
14335 101
14335 107
14335 201
14335 246
14662 53
14662 94
14662 153
14662 208
14662 227
14343 58
14343 201
14343 252
14343 282
17139 6
17139 32
17139 133
17139 174
17139 244
17139 276
17139 297
16038 41
16038 88
16038 187
16038 221
15017 33
15017 65
15017 70
14590 5
14590 15
14590 28
14590 41
14590 63
14590 69
14590 106
14590 113
14590 121
14590 133
14712 44
14712 46
14712 107
14712 165
14263 44
14263 200
14263 242
14263 303
17557 175
14343 86
14343 199
14343 218
16946 83
16946 162
16946 176
16946 182
16946 192
16946 213
14343 39
14343 51
14343 138
14343 179
14981 96
14981 97
14981 104
14257 28
14257 78
14257 119
14257 123
14257 126
14335 128
14335 220
14335 225
14335 280
14257 67
16453 42
16453 95
16453 232
16453 266
16453 281
16038 39
16038 428
16038 432
16038 439
17394 87
17394 119
16946 157
16946 165
16946 169
16946 200
16946 211
16946 239
16946 241
14263 12
14263 140
14263 186
14263 237
15017 15
15017 77
15017 137
15017 160
14712 180
14712 234
15160 34
15160 95
15160 127
15160 249
15160 291
15160 312
14257 54
14257 125
14257 134
14257 135
16944 36
16944 64
16944 87
16944 97
16944 239
14955 159
14955 170
14955 174
16976 31
16976 42
16976 45
16976 50
16976 80
16976 116
17449 17
17449 26
17449 39
17449 45
17449 55
14955 27
14955 100
14955 139
15160 7
15160 27
15160 294
15160 305
14257 75
17449 27
17449 38
17449 49
14733 5
14733 12
14733 43
14733 53
14216 13
14216 14
14216 36
14216 44
14216 86
17524 27
17524 156
15160 11
15160 20
15160 54
15160 186
15160 268
14343 263
14343 278
14343 315
14280 1
14280 5
14280 70
14136 42
14136 65
14136 73
14830 14
14830 40
14830 44
15832 26
15832 70
15832 79
15832 107
15832 120
15832 121
15832 129
14981 133
14981 197
14981 213
17557 119
17557 166
14187 14
14187 30
14187 53
16453 27
16453 57
16453 62
16453 99
16453 256
16453 271
16258 10
16258 17
16258 35
16258 57
16258 64
14453 217
14453 219
15093 13
15093 115
14981 253
14662 21
14662 206
14662 263
14662 269
14662 275
15222 34
15222 98
15222 109
15222 124
15222 160
15222 165
15222 185
15222 214
15222 225
15222 231
16946 226
16946 243
16946 256
16147 96
16147 375
14453 27
14453 59
14453 90
14453 97
14453 145
14453 161
14453 176
14453 188
17144 4
17144 15
17144 84
17144 157
17144 167
17301 134
14453 12
14453 81
14453 136
14453 159
14453 170
14453 172
16813 15
16813 29
16813 30
16813 31
14438 287
14438 293
17497 49
17497 109
17497 241
14136 3
14136 18
14136 67
15093 50
15093 77
14981 31
14981 132
14981 219
16944 11
16944 42
16944 62
16944 66
16944 78
16944 255
16944 281
17394 231
17394 239
14712 2
14712 94
14712 131
14712 186
14712 204
17497 97
17497 188
17497 195
17557 87
17557 132
17557 157
17557 172
14438 8
14438 71
14438 103
14438 169
14438 186
14438 193
14438 245
14438 259
14438 269
14438 270
15093 49
15093 86
17301 36
17301 40
17301 70
17301 72
17301 96
17301 100
17301 136
17144 49
17144 70
17144 75
17144 88
17144 141
17144 163
16038 42
16038 219
16038 394
17449 8
17449 14
17449 16
17449 21
15093 39
15093 42
16038 58
16038 104
16038 151
16038 199
14770 134
14263 17
14263 84
14263 57
14263 212
14263 296
16038 1
16038 62
16038 162
16038 166
16038 310
16555 25
16555 33
16555 112
16555 181
16555 182
16122 510
16122 535
16122 544
14257 80
14257 147
14257 200
14257 219
14257 236
14770 15
16038 69
16038 100
16038 181
16038 368
14257 3
14257 72
14257 104
14257 203
17557 125
14438 4
14438 51
14438 84
14438 175
14438 211
14438 230
14438 253
14438 271
15160 392
17380 0
17380 5
17380 8
17380 10
17380 16
17380 24
17380 38
17380 45
17380 55
17301 111
17301 126
17301 128
17301 138
14770 4
14770 51
14770 54
14770 70
14770 99
14770 296
16038 36
16038 107
17467 6
17467 9
17467 19
17467 96
14343 21
14343 155
14343 158
14343 307
14335 18
14335 40
14335 94
14335 176
14335 242
14822 34
15249 13
15249 45
15249 55
15249 116
17099 74
17099 96
15160 150
15160 218
15160 273
15160 274
14981 57
14981 67
14981 179
15093 58
15093 103
14335 16
14335 108
14335 124
14335 186
14590 10
14590 19
14590 21
14590 39
14590 68
14590 76
14590 110
14590 116
16147 56
16147 80
16147 103
16147 231
16147 320
16147 343
16147 352
15017 146
15017 190
15017 197
16946 35
16946 121
16946 294
14890 4
14890 71
14886 63
14886 158
14886 164
16453 7
16453 76
16453 154
16453 197
16453 293
14662 127
14733 1
14733 19
14733 21
14733 35
14733 44
14733 51
17524 1
17524 7
17524 64
17524 144
17524 149
14280 3
15288 8
15288 18
15288 23
15288 24
14886 15
14886 141
14886 150
17301 29
17524 193
17524 224
17524 262
17524 311
16147 25
16147 122
16147 134
16147 172
16147 271
16147 291
16147 363
15799 96
15799 145
15799 241
15799 269
14772 260
17224 12
17224 20
17224 26
17224 30
17224 31
17224 6
17224 9
17224 15
17224 25
17224 33
17224 36
17224 43
14335 95
14335 102
14335 295
14712 25
14712 136
14712 149
14712 197
15093 11
15093 12
17224 0
17224 21
17224 51
15017 3
15017 54
15017 104
16038 14
16038 59
16038 202
16038 263
16038 327
15799 207
15799 272
14662 6
14662 108
14662 169
14662 191
14662 209
17139 56
17139 123
17139 137
17139 148
17139 167
17139 197
17139 203
15550 8
15550 13
15550 15
15550 18
14704 0
14704 1
14704 2
14704 3
14704 4
14704 5
14704 6
15799 14
15799 16
15799 49
15799 78
15799 191
15799 203
15799 230
16122 40
16122 60
16122 71
16122 233
16122 271
16122 363
14981 14
14981 71
14981 109
14770 123
14770 211
14770 249
14770 254
14770 284
14343 100
14343 173
14343 174
14955 135
14955 138
14955 152
15160 83
15160 157
15160 207
15160 214
17380 6
17380 23
14453 111
14453 135
14453 190
16204 34
16204 35
16204 68
16204 69
16204 110
14185 22
14185 25
14185 34
17196 65
16038 44
16038 70
16038 321
16038 372
16038 383
14241 7
14241 8
14241 9
15160 77
15160 85
15160 113
15160 253
17497 51
17497 70
17497 140
14770 62
14770 196
14770 257
14770 267
14981 105
14981 114
14981 233
14335 311
16038 160
16038 190
16038 361
16231 58
16231 80
16231 119
16231 130
16231 151
14772 15
14772 29
14772 82
14772 147
14772 248
17308 6
17308 146
17308 152
14890 1
14890 22
14890 94
14890 116
14712 146
14712 200
14712 216
14712 225
14712 242
14712 252
14216 32
14216 63
14216 65
14216 74
15017 74
15017 114
15017 130
15017 155
17308 18
17308 19
17308 38
17308 45
17308 96
17308 127
17308 147
16976 154
17440 3
17440 15
17440 120
17440 186
14257 34
14257 68
14257 130
14257 173
14587 6
14587 9
14587 16
14587 19
14587 30
14587 41
14587 77
14587 78
14587 86
14587 87
14886 169
17524 36
17524 41
17524 58
17524 79
17524 131
17524 196
17524 226
17524 242
17524 266
17524 295
17449 0
17449 12
17449 23
17449 31
14890 21
14890 46
14890 79
17467 100
17467 114
17139 71
17139 107
17139 131
17139 222
17139 226
17139 227
17139 238
15093 32
15093 81
17497 91
17497 190
17497 220
15160 14
15160 51
15160 129
15160 265
15160 309
16122 465
16122 508
16122 537
14343 3
14343 99
14343 229
14343 250
15438 0
15438 14
15438 21
16946 8
16946 81
16946 164
16946 186
16946 227
16946 264
16946 295
15093 35
15093 91
17224 23
17224 24
17224 32
17144 56
17144 59
17144 66
17144 110
17144 162
16231 27
16231 30
16231 37
16231 39
16231 74
16231 103
17497 62
17497 170
17497 7
17497 226
17497 242
14453 154
14453 207
16066 37
16066 48
16122 21
16122 79
16122 184
16122 193
16122 311
16122 338
16122 425
14955 12
14955 136
14955 165
14772 1
14772 56
14772 71
14772 94
14772 253
17497 80
17497 156
14257 55
14257 84
14257 159
14257 160
14257 194
16555 24
16555 41
16555 54
16555 68
14662 9
14662 25
14662 35
14662 70
14662 162
14662 222
17301 117
16944 57
16944 76
16944 162
16944 186
16944 250
16944 303
15222 9
15222 13
15222 14
15222 68
15222 88
15222 112
15222 133
15222 141
15222 158
15222 222
14187 21
14187 25
14187 70
15438 10
15438 19
14257 39
14257 65
14257 86
14257 192
14438 156
14438 244
15222 4
15222 20
15222 40
15222 41
15222 42
15222 59
15222 86
15222 123
15222 130
15222 182
14830 2
14830 18
14830 32
14981 24
14981 129
14981 138
17308 0
17308 22
17308 59
17308 97
17308 98
17308 105
17308 132
17308 133
17139 18
17139 149
17139 262
17139 300
17467 49
17467 57
17467 66
17467 81
14886 76
14886 103
14886 108
14886 135
14257 63
14257 94
14257 110
14257 178
14257 211
17440 183
17440 184
17144 14
17144 21
17144 93
17144 101
17144 118
17144 151
16793 34
16793 38
16793 42
16793 61
17099 18
17099 28
17099 30
17099 38
17099 60
17099 69
17099 87
17099 88
17099 90
14953 0
14953 1
14953 8
16204 23
16204 27
16204 28
16204 30
16204 63
16204 89
16258 11
16258 22
16258 47
16258 55
16258 58
15017 28
15017 124
15017 134
15017 189
15017 2
15017 12
15017 154
15017 156
14136 15
14136 25
14136 35
14136 48
15093 52
15093 79
14263 287
14335 252
15799 75
15799 162
15799 176
15799 194
15799 195
14335 86
14335 121
14335 211
14335 241
14335 275
17440 45
17440 64
17440 67
17440 170
17139 25
17139 59
17139 305
17139 318
17139 330
14438 46
14438 166
14438 265
14453 9
14453 18
14453 24
14453 87
14453 174
14453 203
14770 88
14770 169
14770 178
14770 182
14830 25
14830 42
14830 47
14890 25
14890 73
14890 88
17224 57
15160 63
15160 189
15160 254
15160 332
14733 7
14733 33
14733 34
14733 38
14733 65
17099 2
17099 20
17099 21
17099 23
17099 55
17099 58
17099 79
17557 174
14343 18
14343 40
14343 299
17467 44
17467 47
17467 79
17467 86
17497 46
17497 144
17497 153
14438 24
14438 31
14438 44
14438 48
14438 115
14438 140
14438 158
17557 36
17557 88
16147 2
16147 86
16147 117
16147 124
16147 213
16147 267
16147 286
14263 104
14263 229
14263 255
14263 271
14662 76
14662 93
14662 98
14662 163
14662 202
14662 218
17196 61
14343 20
14343 194
14343 197
14343 249
15160 9
15160 82
15160 151
15160 220
15160 299
16122 83
16122 97
16122 174
16122 189
16122 230
16122 301
16122 360
14981 56
14981 218
14981 246
17497 90
17497 147
17497 215
14590 30
14590 48
14590 53
14590 72
14590 84
14590 123
14772 63
14772 98
14772 170
14772 284
16038 85
16038 97
16038 119
16038 225
16038 242
16122 106
16122 146
16122 180
16122 194
16122 240
16122 320
16122 357
16122 490
14263 300
14263 309
14263 324
17394 6
17394 66
17394 101
17394 127
17394 150
17394 175
17394 202
17394 218
16453 28
16453 31
16453 33
16453 84
16453 235
16453 238
16453 245
15160 25
15160 349
16808 1
16808 3
16808 6
16808 11
16808 18
14263 68
14263 284
14263 295
17144 25
17144 30
17144 45
17144 120
14343 107
14343 114
14343 137
15222 11
15222 29
15222 53
15222 73
15222 93
15222 122
15222 139
15222 147
15222 232
15222 240
16453 53
16453 168
16453 191
16453 205
16453 220
16453 244
14772 43
14772 128
14772 145
14772 236
14772 274
16814 40
14185 15
14185 30
14185 35
14185 37
14280 13
14280 25
14280 30
14335 77
14335 79
14335 92
17394 233
17394 246
14343 110
14343 274
17467 103
17467 107
17467 113
14886 45
14886 173
14187 18
14187 22
14187 39
14770 87
14770 198
14770 205
14770 248
14770 278
15160 258
15160 331
15160 341
16122 67
16122 120
16122 424
16122 499
15051 7
15051 20
15051 24
16066 6
16066 13
16066 23
16066 26
16066 27
14263 43
14263 122
14263 214
17557 20
17557 23
17557 92
17557 121
14770 7
14770 8
14770 57
14770 101
14343 280
14343 313
14955 157
14955 166
14955 173
14772 126
14772 155
14772 200
14772 223
14185 7
14185 18
14185 32
14335 23
14335 67
14263 128
15093 8
15093 69
15051 5
17524 307
14438 154
14438 184
14438 246
14955 89
14955 144
14955 163
14257 47
14257 117
14257 149
14257 154
14257 193
14955 11
14955 54
14955 116
14955 118
17099 49
14263 63
14263 141
14263 163
17308 81
17308 157
17308 167
14886 43
14886 46
14886 113
14886 160
15160 23
15160 98
15160 171
15160 184
16040 13
16040 38
16040 45
16040 70
15799 45
15799 252
15799 254
15799 265
15799 273
16555 6
16555 63
16555 94
16555 116
14263 29
14263 217
14263 298
14343 62
14343 98
14343 148
14343 217
14438 10
14438 11
14438 39
14438 49
14438 89
14438 192
16944 8
16944 32
16944 190
16944 212
14343 128
14343 152
14343 177
14662 39
14662 183
14662 193
14662 237
14662 264
17440 7
17440 10
17440 19
17440 51
17440 68
17440 132
17440 174
14343 75
14343 135
14343 204
14343 243
14263 11
14263 315
14263 321
16204 22
16204 45
16204 76
16204 97
14187 5
14187 8
14187 117
14830 3
14830 11
14830 12
17524 207
17524 257
17524 279
17524 290
17524 297
16946 17
16946 37
16946 57
16946 91
16946 100
16946 145
16946 223
16231 83
16231 86
16231 155
16231 167
16944 35
16944 123
16944 159
16944 163
16944 198
16944 209
14263 33
14263 226
14187 12
17524 168
17524 177
16147 26
16147 51
16147 93
16147 219
16147 223
16147 237
16147 246
16147 269
16147 318
16147 359
16944 71
16944 155
16944 237
16944 295
16944 298
16944 302
16944 305
16944 308
17524 31
17524 62
17524 92
17524 107
17524 139
17524 141
14981 172
17497 213
17497 253
15160 92
15160 182
15160 394
15160 400
15160 402
15093 36
15093 101
14830 24
14830 28
15222 17
15222 33
15222 54
15222 94
15222 99
15222 101
15222 184
15222 207
15222 224
15222 238
17394 46
17394 78
17440 164
17440 179
17440 185
14335 20
14335 160
14335 226
14335 232
14335 262
15017 17
15017 26
15017 56
17467 18
17467 26
17467 31
17467 75
14343 77
14343 180
14343 225
14343 264
14263 263
14263 304
14263 308
14187 9
14187 108
14187 115
15093 102
15093 114
14187 130
14187 131
14587 5
14587 64
14587 93
14587 99
14280 2
14280 52
14280 55
14263 14
14263 90
14263 118
16038 186
16038 196
16038 197
16038 227
14772 11
14772 66
14772 92
14772 195
14772 290
15249 51
15249 72
15249 91
15249 127
15249 142
14263 45
14263 264
14263 306
14890 10
14890 37
14890 45
14890 107
15160 110
15160 112
15160 319
14981 7
14981 113
14981 136
17524 5
17524 11
17524 96
17524 154
17557 168
14886 2
14886 32
14886 65
14886 168
17139 76
17139 315
17139 322
14257 43
14257 69
14257 101
14257 163
14257 196
14263 117
14263 119
14263 142
15288 5
15288 13
15288 15
15288 16
16258 7
16258 53
16258 62
16258 66
16038 16
16038 80
16038 156
16038 350
15093 59
15093 110
14981 0
14981 38
14981 145
15799 10
15799 65
15799 67
15799 144
15799 151
16944 21
16944 158
16944 248
16944 288
14343 52
14343 91
14343 175
14343 184
15249 5
15249 38
15249 88
15249 132
14136 23
14136 56
14136 66
15832 77
15832 117
15832 178
17139 37
17139 273
14263 110
14263 150
14263 202
14343 71
14343 88
14343 172
14343 200
17497 95
17497 198
17497 211
14438 41
14438 78
14438 286
17557 11
17557 66
17557 82
17557 137
16793 13
16793 59
16793 64
16793 66
17497 108
17497 182
15249 11
15249 114
15249 122
17139 62
17139 136
17139 260
17139 277
16445 2
16445 3
16445 4
16445 10
16445 11
16445 19
16445 21
14712 21
14712 61
14712 80
14712 88
14712 203
14263 15
14263 40
14263 135
14770 1
14770 17
14770 66
14770 188
16793 3
16793 60
16793 69
16793 72
14216 40
14216 92
14216 94
14216 97
14216 98
14216 109
15832 22
15832 72
15832 103
15832 149
15832 167
17144 16
17144 24
17144 57
17144 60
17144 108
17144 109
17144 121
17144 161
14590 27
14590 44
14590 60
14590 91
14590 92
14590 107
14590 115
14187 11
14187 78
14187 112
14280 0
14280 49
16453 90
16453 110
16453 116
16453 270
16453 282
16453 300
14733 11
14733 27
14733 32
14733 49
14733 63
15832 37
15832 98
15832 128
15832 133
14822 12
14822 29
14822 40
14981 62
14981 226
14981 239
16445 13
16445 20
16445 22
16122 15
16122 19
16122 214
16122 318
16122 323
16122 397
16122 479
14263 37
14263 53
14263 166
16453 55
16453 56
16453 150
16453 165
16453 304
14772 22
14772 87
14772 91
14772 279
17497 20
17497 39
17497 236
17497 238
17497 249
15160 21
15160 29
15160 136
15160 156
16122 374
17497 34
17497 141
17497 180
17497 205
16453 12
16453 114
16453 188
16453 246
16453 264
15222 21
15222 60
15222 67
15222 80
15222 136
15222 156
15222 186
15222 193
15222 223
15222 241
16946 136
16946 274
16946 287
16946 300
15832 39
15832 53
15832 56
15832 69
15832 145
15832 147
15832 176
15160 390
16038 22
14587 28
14587 39
14587 43
14587 70
14587 76
14587 80
14587 85
14587 100
14587 104
14587 112
17440 73
17440 78
17440 97
17440 133
17440 134
17440 145
17440 154
14886 16
14886 151
14886 159
14981 255
17524 6
17524 13
17524 98
17524 146
14772 34
14772 38
14772 65
14772 160
14263 42
14263 77
14263 218
14263 312
14263 314
14263 320
14590 1
14590 42
14590 52
14590 64
14590 114
14590 127
14590 134
14453 16
14453 20
14453 75
14453 82
14453 124
14453 164
14453 167
14981 27
14981 77
14981 174
14981 198
14712 213
16122 203
16122 312
16122 321
16122 324
16122 396
16122 401
17308 1
17308 15
17308 20
17308 41
17308 66
17308 73
15017 31
15017 129
15017 172
15017 194
14886 20
14886 156
14886 171
14770 135
14770 295
14770 34
14770 175
14770 194
14770 230
14770 303
16147 245
16147 381
16147 391
17497 161
17497 228
14886 41
14886 99
14886 147
15093 63
15093 82
17497 45
17497 92
17497 175
16944 5
16944 46
16944 55
16944 117
16944 125
16944 156
16944 168
16944 254
14890 23
14890 76
14890 80
15249 80
15799 81
15799 83
15799 91
15799 134
15799 136
15799 146
15799 182
17440 27
17440 41
17440 167
17440 175
17440 0
17440 53
17440 86
14587 119
15832 29
15832 34
15832 42
15832 59
15832 110
15832 123
15832 125
14886 5
14886 36
14886 79
14886 131
17440 63
17440 135
17440 182
14890 7
14890 47
14890 77
14981 58
14981 251
14981 258
14890 16
14890 66
14890 95
14662 11
14662 71
14662 79
14662 110
14662 132
14886 44
14886 105
14886 149
14136 34
14136 51
14136 55
17196 18
17196 30
14830 10
14830 21
14830 34
16040 64
16040 83
16040 113
16040 125
16040 134
14263 131
14263 138
14263 185
16147 22
16147 82
16147 333
15832 58
15832 122
15832 155
15832 171
14343 43
14343 60
14343 101
14343 266
16976 25
16976 46
16976 67
17497 63
17497 130
17497 150
17524 72
17524 103
17524 105
17524 117
17524 125
17524 159
17099 8
17099 37
17099 53
17099 54
17099 61
17099 67
17099 105
14733 3
14733 10
14733 18
14733 25
14733 40
14733 45
17139 34
17139 36
17139 80
17139 112
17139 143
17139 171
17139 269
14257 38
14257 174
14257 182
14257 185
17497 23
17497 37
17497 232
17497 240
17497 247
15249 46
15249 110
17497 116
17497 154
17497 183
16122 72
16122 107
16122 362
16122 392
16122 447
16038 0
16038 5
16038 47
16038 362
14772 16
14772 113
14772 179
14772 184
14438 100
14438 101
14438 119
14438 129
14438 258
14438 264
14438 277
16147 130
16147 378
16212 77
17139 29
17139 73
17139 118
17139 162
17139 189
17139 223
17497 96
14733 15
14733 23
14733 29
14733 47
15832 5
15832 9
15832 30
15832 41
15832 49
15832 81
15832 95
14890 56
14890 83
14890 98
16944 249
16944 263
14772 4
14772 5
14772 14
14772 39
14772 295
14343 124
14343 127
14343 231
14343 257
15160 135
15160 311
14733 73
14955 160
14955 167
16946 50
16946 51
16946 68
16946 132
16946 141
16946 174
14335 84
14335 88
14335 172
14335 191
14335 204
16976 3
16976 35
16976 64
16976 69
16976 83
16976 86
16976 95
16976 103
14263 92
14263 143
16043 21
16043 42
16043 63
15799 60
15799 89
15799 220
15017 55
15017 179
15017 1
15017 51
15017 100
15017 115
15160 120
15160 233
15160 306
14770 90
14770 138
14772 36
14772 44
14772 144
14772 212
14772 277
14772 287
14335 117
14335 144
14335 198
14335 218
14335 306
14981 44
14981 139
14981 199
14770 115
14770 141
14770 158
14770 167
14770 294
14770 307
15550 0
15550 1
15550 3
15550 17
16066 32
16066 43
14257 31
14257 82
14257 142
14257 223
17557 5
17557 46
17557 50
17557 73
14770 79
16231 7
16231 123
16231 143
16231 147
16231 158
16231 173
17524 44
17524 48
17524 77
17524 130
17524 187
14335 112
14335 206
14335 208
15832 23
15832 112
15832 135
15832 182
14712 81
14712 127
14955 72
14955 86
14955 126
14335 72
14335 286
15832 24
15832 93
15832 140
14772 41
14772 251
17139 44
17139 169
17139 179
14453 68
14453 89
14453 95
14453 96
14453 143
14453 162
14453 165
17144 29
17144 39
17144 42
17144 85
17144 153
17144 159
14712 22
14712 75
14712 154
14712 215
14712 229
17394 4
17394 26
17394 34
17394 41
17394 146
17394 156
17394 162
17394 165
17394 196
15832 0
15832 97
15832 100
15832 111
15832 126
15832 150
15832 164
14772 51
14772 127
14772 183
14772 232
14772 270
15222 19
15222 38
15222 155
15222 162
15222 226
15222 230
15222 234
14187 24
14187 91
14187 106
14981 68
14981 149
14981 209
14712 3
14712 142
14712 174
14712 220
16944 67
16944 95
16944 109
16944 134
16944 234
16944 268
14662 18
14662 87
14662 103
14662 205
14662 232
17394 158
14453 32
14453 193
17449 5
17449 10
17449 33
17449 43
17449 46
17449 57
17497 244
16147 48
16147 275
14886 13
14886 14
14886 109
15093 4
15093 95
17394 189
17394 244
15799 27
15799 92
15799 227
15160 12
15160 84
15160 219
15160 245
14241 2
14241 3
14241 5
14241 6
17139 67
17139 103
17139 291
14335 250
14335 299
14335 310
14770 103
14770 245
14335 261
14335 282
14335 283
14335 292
16040 77
16040 116
14438 268
14438 273
16453 118
16453 216
16453 265
16453 299
16453 342
14770 159
14770 163
14770 234
14770 241
14263 220
14263 233
14216 11
14216 26
14216 59
14216 102
16944 40
16944 114
16944 135
16944 149
16944 170
16944 204
17144 20
17144 102
17144 124
17144 178
14263 6
14263 13
14263 178
14187 59
14187 74
14187 84
16212 22
16212 28
16212 36
16212 55
14263 55
14263 307
14263 316
17440 14
17440 138
17440 160
14453 28
14453 38
14453 72
14453 106
14453 115
14453 187
15832 4
15832 16
15832 31
15832 104
17139 83
17139 151
17139 159
17139 165
17139 237
17139 243
17139 289
16122 26
16122 57
16122 64
16122 111
16122 238
16122 326
16122 457
15017 24
15017 200
15017 88
15017 92
15017 185
15017 199
14890 41
14890 82
14890 113
16122 492
16122 494
16122 516
14981 118
16453 126
16453 141
16453 263
16453 269
16453 285
16453 301
14830 48
17144 183
14886 118
14886 125
14886 129
14886 132
17308 10
17308 84
17308 125
17308 166
17308 53
17308 149
17308 169
15799 4
15799 35
15799 61
15799 154
15799 218
15799 246
14712 193
14662 51
14662 138
14662 188
14662 215
14263 7
14263 99
14263 165
17497 48
14981 47
14981 154
14981 250
16122 31
16122 96
16122 256
16122 280
16122 341
16122 359
16122 459
15051 15
15051 17
15051 19
14263 9
14263 75
14263 188
14280 73
14280 75
14280 76
15832 7
15832 45
15832 134
15832 151
15832 163
15832 169
14343 49
14343 94
14343 235
14453 53
14453 125
14453 169
14263 267
14263 272
14263 275
14662 30
14662 54
14662 57
14662 112
14662 129
14662 130
14257 13
14257 97
14257 100
14257 167
14257 172
15799 0
15799 46
15799 95
15799 223
15799 250
17139 22
17139 23
17139 70
17139 86
17139 134
17139 138
17139 177
17139 301
14187 46
14187 54
14187 85
17524 9
17524 85
17524 128
17524 150
17524 153
14981 23
14981 65
14981 125
16040 1
16040 36
14830 5
14830 36
14830 41
17467 17
17467 23
17467 51
17467 88
15799 192
15799 233
15799 245
17301 3
17301 8
17301 15
17301 34
17301 66
17301 81
17301 91
17301 106
17301 113
15160 35
15160 261
15160 304
15160 347
17497 40
17497 133
17497 193
17497 221
16555 7
16555 43
16555 44
16555 117
17139 1
17139 105
17139 184
17139 190
17139 224
17139 290
17139 313
17224 3
17224 10
17224 14
17224 28
17224 41
17224 42
17524 65
17524 95
17524 140
17524 174
15160 154
15160 295
15160 313
15160 346
17196 10
17196 13
17196 14
17196 25
17196 27
17196 44
17196 51
15160 38
15160 64
15160 199
15160 246
15249 57
15249 79
15249 104
15249 117
14136 14
14136 27
14136 58
14438 20
14438 30
14438 99
14438 135
14438 145
14438 215
14438 254
14662 46
14662 210
14662 254
14257 77
14257 158
14257 202
14257 208
16043 15
16043 48
16043 49
16043 65
16043 72
14438 42
14438 109
14438 123
14438 138
14438 195
14438 217
14438 224
14438 238
14438 241
15799 13
15799 31
15799 71
15799 118
15799 129
15799 150
14263 22
14263 31
14263 80
14263 137
14662 14
14662 140
14662 150
14662 249
14662 267
17524 167
16122 74
16122 134
16122 242
16122 388
16122 415
16122 426
16122 427
16122 527
14590 8
14590 11
14590 38
14590 50
14590 51
14590 61
14590 90
14590 100
14257 32
14257 48
14257 71
14257 113
17557 30
17557 38
17557 59
17557 90
17524 14
17524 52
17524 55
17524 111
17524 122
15160 365
17497 9
17497 75
17497 172
17497 191
17497 181
14343 6
14343 37
14343 279
14343 303
17497 11
17497 29
17497 47
17497 52
15799 53
15799 111
15799 226
15799 258
14216 20
14216 51
14216 81
14216 87
14216 95
16453 26
16453 68
16453 207
16453 330
16453 346
15093 55
15093 74
17099 1
17099 17
17099 26
17099 32
17099 45
17099 52
17099 59
17099 71
17099 93
14981 100
14981 158
14981 214
14263 323
14590 23
14590 34
14590 85
14590 95
14590 117
14590 141
14953 2
14953 4
14953 10
14662 20
14662 78
14662 111
14662 168
14662 194
16122 25
16122 147
16122 198
16122 419
15093 2
15093 47
14187 31
14187 71
14187 72
14136 26
14136 31
14136 32
17099 0
17099 7
17099 10
17099 14
17099 42
17099 76
17099 77
17099 94
17394 67
17497 254
16038 8
16038 179
16038 395
16038 411
14280 45
14280 46
14280 74
14335 313
16453 50
16453 378
14772 97
14772 115
14772 135
14772 163
14772 273
14955 4
14955 95
14955 120
17557 103
17557 109
17557 133
17557 140
17557 147
16956 0
16956 3
16956 9
16956 10
16956 12
16956 17
17467 38
17467 59
17467 61
17467 70
17524 80
17524 106
17524 114
17524 135
17524 145
14587 69
14587 98
14587 107
17440 20
17440 52
17440 62
17440 69
17440 98
17440 122
17440 150
15017 186
15017 191
15017 195
14890 2
14890 92
14890 121
16038 116
16038 138
16038 163
16038 185
16038 333
14770 52
14770 144
14770 252
14770 293
14335 135
14335 138
14335 248
14335 274
17440 112
17440 148
17440 172
16946 48
16946 147
16946 188
16946 270
16212 33
16212 43
16212 49
16212 54
14770 128
14770 129
14770 210
14770 235
15051 23
14263 129
14263 181
14263 198
14263 144
14263 289
16944 83
16944 184
16944 304
14335 284
17308 7
17308 32
17308 118
17308 161
16813 3
16813 9
16813 13
16813 24
16813 28
17301 2
17301 13
17301 41
17301 43
17301 47
17301 67
17301 69
17301 73
17301 119
14955 41
14955 52
14955 76
14590 4
14590 20
14590 36
14590 43
14590 77
14590 83
14590 98
14590 118
16040 98
16040 122
16040 129
16040 135
14770 139
14770 204
14770 216
14770 232
16793 0
16793 1
16793 15
16793 17
16793 27
14733 8
14733 42
14733 52
14733 54
14733 57
14955 81
14955 156
14955 158
14453 22
14453 67
14453 218
17139 20
17139 55
17139 69
17139 99
17139 111
17139 127
17139 129
17139 294
17139 303
14216 22
14216 24
14216 25
14216 30
14216 84
14216 89
16122 11
16122 73
16122 165
16122 328
16122 439
16122 460
14662 64
14662 74
14662 77
14662 213
14662 224
16122 24
16122 178
16122 276
16122 315
16122 325
16122 484
16122 533
14712 8
14712 39
14712 138
14712 162
14712 189
17497 201
17497 237
14772 46
14772 53
14772 60
14772 86
14772 95
14772 269
14185 3
14185 20
14185 27
17440 6
17440 23
17440 25
17440 40
17440 49
17440 121
15093 51
15093 61
17139 194
17139 217
17139 218
17139 246
15438 2
15438 15
15438 17
15438 20
14886 1
14886 7
14886 142
14185 2
14185 17
14185 19
16047 14
16047 29
16047 37
16047 41
14890 122
14981 21
14981 124
14981 159
14343 108
14343 129
14343 145
14453 45
14453 57
14981 6
14981 130
14981 134
15093 33
15093 71
14712 43
14712 60
14712 129
14712 175
17440 4
17440 18
17440 21
17440 83
17440 91
17440 93
17440 99
14263 260
14886 145
14886 167
14886 174
14886 3
14886 137
14886 148
14886 161
15160 68
15160 209
15160 216
15160 225
15160 359
14953 5
14953 6
14953 12
17308 24
17308 48
17308 95
17308 100
17308 108
17308 121
17308 136
16683 9
16683 39
17524 185
17557 41
17557 74
17557 93
17557 143
14770 154
14770 156
14770 238
14770 301
15160 13
15160 181
15160 188
15160 227
15160 282
14590 101
14590 140
14590 144
16683 17
16683 28
17557 13
17557 51
17557 56
17557 116
17557 151
14981 17
17308 14
17308 25
17308 43
17308 76
17308 87
17308 92
17308 111
17308 138
14662 42
14662 45
14662 72
14662 86
14662 95
17196 17
17196 22
17196 28
17196 32
17196 33
17196 46
17196 62
15093 84
15093 92
16231 33
16231 72
16231 109
16231 126
16231 154
15249 7
15249 59
15249 70
15249 78
14662 13
14662 56
14662 173
14662 177
14662 201
14662 225
17449 24
17449 40
17449 50
17449 53
17449 56
14772 103
14772 105
14772 159
14772 161
14772 193
14263 2
14263 302
14263 310
14890 3
14890 6
14890 33
16453 47
16453 85
16453 151
16453 186
16453 231
15017 43
15017 111
15017 152
14187 97
17497 3
17497 54
17497 160
17497 208
14662 50
14662 62
14662 142
14662 147
14662 155
16204 2
16204 15
16204 39
16204 46
16204 81
16038 26
16038 178
17497 123
17497 169
15160 162
15160 356
17497 65
17497 73
17497 84
17497 117
14187 2
14187 13
14263 34
14263 41
14263 208
15288 4
15288 10
15288 11
15288 12
15160 16
15160 90
15160 107
15160 240
15160 316
14453 204
14453 208
16976 82
14343 146
14343 305
15017 25
15017 76
15017 132
14257 0
14257 6
14257 57
14257 138
14257 222
17099 4
17099 111
17099 116
15093 48
15093 96
14343 123
14343 176
14343 314
17497 16
17497 174
17497 227
14981 116
14981 161
14830 4
14830 33
14830 38
15438 4
15438 6
15438 16
15438 18
15438 22
17524 206
17524 209
17524 231
17524 256
17524 258
14955 78
14955 84
14955 137
14955 149
17440 16
17440 54
17440 72
17440 89
17440 130
17440 139
14187 7
14187 92
14187 122
14438 0
14438 18
14438 26
14438 32
14438 61
14438 70
14438 97
14438 232
14263 70
14263 132
14263 149
14263 189
14981 144
14981 169
14981 224
14886 34
14886 50
14886 70
14886 90
14257 24
14257 74
14257 95
14257 128
14257 209
15160 0
15160 119
15160 198
15160 248
17524 10
17524 15
17524 88
17524 89
14136 1
14136 44
14136 64
15799 34
15799 94
15799 103
15799 122
15799 135
15799 153
15799 172
15799 268
14438 28
14438 58
14438 59
14438 125
14438 171
14438 188
14438 214
15160 343
15160 368
15160 378
15160 380
15160 403
16555 19
16555 46
16555 67
17099 80
17099 102
17099 103
14890 128
14343 103
14343 104
14343 122
14772 12
14772 47
14772 131
14772 167
14614 1
14614 3
14614 5
14614 6
14614 7
16445 1
16445 7
16445 8
16445 9
16445 15
16445 17
14590 70
14590 126
14590 146
14590 148
14770 48
14770 60
14770 89
14770 140
16122 4
16122 56
16122 258
16122 260
16122 384
16122 422
17524 191
17524 201
17524 218
17524 238
17524 284
15051 1
15051 4
15051 8
15051 12
17224 1
17224 11
17224 22
17224 29
17224 44
16204 41
16204 48
16204 65
16204 104
16204 105
14772 121
17301 20
17301 32
17301 37
17301 59
14981 54
17497 59
17497 103
17497 212
14955 26
14770 11
14770 39
14438 275
14438 288
14770 46
14770 75
14770 151
14770 181
14981 121
14981 210
15799 7
15799 37
15799 93
15799 181
15799 198
15799 211
15160 47
15160 74
15160 116
15160 285
15160 287
17139 78
17139 155
17139 252
14335 152
14335 209
14335 254
14335 267
14335 289
17308 46
17308 168
15160 303
15160 322
15160 340
15160 353
14981 193
17557 35
17557 65
17557 159
17557 164
17557 171
17440 1
17440 8
17440 155
16946 29
16946 114
16946 172
15093 62
15093 104
14981 5
14981 117
14981 173
17380 13
17380 18
17380 21
17380 36
17380 39
17380 42
17380 46
17380 50
17380 53
17497 6
17497 31
17497 50
17497 64
17497 159
14438 36
14438 144
14438 157
14438 163
14438 202
14438 236
14438 242
14438 25
14438 93
14438 108
14438 161
14438 174
14438 182
14438 208
17223 2
17223 3
17223 5
17223 10
17223 11
17223 13
14343 72
14343 178
14343 219
14343 254
14886 19
14886 86
14886 104
14886 144
15160 24
15160 205
15160 222
14712 15
14712 121
14712 156
14712 171
14280 10
14280 26
14280 59
14257 188
14257 201
14257 217
14257 220
14770 50
14770 67
14343 16
14343 141
14343 160
14343 304
14587 12
14587 18
14587 23
14587 35
14587 50
14587 55
14587 65
17449 2
17449 18
17449 25
17449 28
17449 35
15799 126
15799 216
15799 236
14772 25
14772 136
14772 176
14772 188
14772 231
14136 12
14136 30
14136 38
14886 68
14886 97
14886 120
14886 165
17139 60
17139 84
17139 161
17139 193
17139 196
17139 207
17139 272
17557 12
17557 63
17557 124
17557 126
14263 109
14263 174
14263 244
14257 153
14822 6
14822 21
14822 42
14770 45
14770 102
14770 112
14770 127
14770 147
14263 86
14263 105
14263 146
14263 253
17557 16
17557 44
17557 48
17557 102
17557 118
17557 129
14263 69
14263 175
14263 235
14263 282
17524 183
14981 13
14981 50
14981 215
17524 12
17524 56
17524 60
17524 73
17524 134
14953 3
14953 7
14953 9
14343 22
14343 83
14343 286
14712 47
14712 50
14712 105
14712 116
14712 159
17524 198
17524 220
17524 235
17524 274
17524 292
16122 121
16122 139
16122 208
16122 215
16122 254
16122 283
16122 337
16946 82
16946 97
16946 110
16946 230
16946 297
16946 302
16944 0
16944 14
16944 24
16944 47
16944 243
16944 274
15160 398
14257 25
14257 156
14257 161
14257 198
14257 199
14981 60
14981 108
14981 185
15160 33
15160 383
14216 28
14216 45
14216 50
14216 53
17196 53
14587 26
16147 90
16147 91
16147 242
16147 255
16147 299
16147 307
16147 315
16147 349
16038 117
16038 204
16038 293
16038 397
16038 413
15799 260
15799 261
15799 266
14241 0
14241 1
14241 4
17557 60
17557 67
17557 114
17557 115
17557 136
14662 63
14662 101
14662 151
14662 166
14662 196
14981 18
14981 59
14981 106
16122 18
16122 78
14662 17
14662 27
14662 80
14662 229
14662 272
15018 0
15018 3
15018 9
14187 109
14187 111
14187 116
14590 54
14590 136
14453 23
14453 61
14453 74
14453 80
14453 116
14453 179
14453 183
14453 70
14453 210
14453 215
14981 2
14981 75
14981 181
15017 14
15017 151
15017 177
14981 73
14981 86
14981 189
14280 24
14280 35
14280 61
14280 7
14280 36
14280 48
17196 7
17196 19
17196 26
17196 42
17196 55
17196 56
17196 57
17196 58
17196 64
14772 17
14772 68
14772 96
14772 199
14772 268
14453 26
14453 54
14453 131
14453 150
14453 171
14453 189
14453 195
14955 1
14955 36
14955 141
14343 50
14343 232
14343 244
14343 275
14890 0
14890 14
14890 69
14335 25
14335 63
14335 134
14335 139
14335 234
14257 120
14257 234
17440 74
17440 171
17440 173
17440 180
15799 87
15799 99
15799 116
17196 12
17196 52
17196 63
14712 1
14712 42
14712 191
14712 224
14712 230
14662 4
14662 65
14662 126
14662 134
14662 141
14662 146
14770 56
14770 271
14257 5
14257 9
14257 107
14257 124
14257 127
14453 35
14453 42
14453 105
14453 191
17139 9
17139 61
17139 153
17139 185
17139 235
17139 240
17139 245
17139 282
14662 29
14662 104
14662 143
14662 174
14662 187
14438 19
14438 52
14438 65
14438 75
14438 98
14438 197
15093 28
14438 152
14438 207
14438 210
14438 225
15160 43
15160 91
15160 215
15160 288
15160 335
15017 47
15017 93
15017 94
15051 22
14981 141
14981 167
14981 183
15832 1
15832 33
15832 68
15832 82
15832 90
15832 166
15832 179
14712 17
14712 90
14712 123
14712 205
15799 48
15799 143
15799 161
15799 164
15799 201
15799 224
17524 216
17524 230
17524 247
17524 291
15017 39
15017 68
15017 149
14772 69
14772 215
14772 222
14822 26
14822 31
14822 55
17224 7
17224 49
17224 58
14955 101
14955 145
14955 146
15017 4
15017 59
15017 83
14216 9
14216 96
14216 99
14216 105
14343 116
14343 151
14343 267
14772 114
14772 186
14772 205
14772 210
14772 224
14772 227
14955 2
14955 39
14822 2
14822 7
14822 37
17394 100
17394 206
16976 97
14257 1
14257 18
14257 50
14257 145
14257 171
14662 23
14662 197
14662 203
14662 248
16231 25
16231 63
16231 77
16231 94
16231 121
16976 113
16976 144
16204 4
16204 9
16204 29
16204 85
15093 20
15093 107
14981 46
14981 53
14981 188
15832 63
15832 160
14662 271
15160 19
15160 114
15160 395
17139 8
17139 35
17139 94
17139 106
17139 144
17139 281
17139 284
14830 9
14830 16
14830 45
17524 70
17524 104
17524 110
17524 138
15017 99
15017 163
15017 182
14955 29
14955 82
14955 121
16147 32
16147 63
16147 89
16147 133
16147 146
16147 215
16147 345
15222 46
15222 48
15222 66
15222 70
15222 89
15222 107
15222 170
15222 180
15222 209
15222 227
17139 253
14772 9
14772 123
14772 276
14772 293
15832 12
15832 15
15832 44
15832 46
15832 75
15832 109
16555 29
16555 31
16555 120
15018 14
15249 86
15249 108
15249 109
15249 140
16040 12
16040 67
16040 86
16040 88
16040 133
16122 47
16122 116
16122 157
16122 226
16122 380
16122 410
16122 416
17467 0
17467 16
17467 58
17467 72
17467 74
15160 76
15160 200
15160 226
15160 315
14770 35
14770 78
14770 100
14770 187
14770 300
15160 15
15160 137
15160 190
15160 234
15160 338
14890 50
14890 93
14890 101
14216 3
16946 21
16946 89
16946 148
16946 156
15832 144
15832 146
14438 104
14438 289
14438 291
16944 107
16944 236
16944 275
14587 15
14587 115
14263 28
14263 51
14263 157
14263 241
14981 91
14981 247
14981 254
14187 44
14187 52
14187 83
17449 15
17449 48
17449 51
17449 52
14263 38
14263 78
14263 124
14890 53
14890 61
14890 63
14216 27
14216 43
14216 46
14216 68
14216 106
16944 25
16944 85
16944 98
16944 165
16944 225
16944 258
14955 47
14955 79
14955 85
14955 97
17557 14
17557 22
17557 53
17557 69
17557 146
17440 34
17440 84
17440 123
17440 153
17440 163
17440 169
15799 50
15799 139
17524 34
17524 157
17524 165
16038 91
16038 96
16038 106
16038 125
16038 276
14822 17
14822 20
14822 58
14136 49
14136 59
14136 62
14662 214
14662 250
14662 251
14662 268
17394 0
17394 11
17394 25
17394 52
17394 95
17394 97
17394 113
17394 179
17394 215
17394 232
17557 1
14263 27
14263 76
14263 193
14712 4
14712 76
14712 179
14712 206
17467 4
17467 28
17467 54
17467 68
14136 63
17301 30
17301 79
17301 90
17440 37
17440 44
17440 70
17440 157
17497 67
17497 77
17497 89
16066 18
16066 25
16066 31
16066 33
16066 51
14187 56
14187 79
14187 114
17301 23
17301 44
17301 54
17301 102
17301 118
16683 19
16683 33
14822 5
14822 24
14822 48
16946 2
16946 49
16946 78
16946 84
16946 229
14772 55
14772 213
14772 228
14772 238
14772 280
15160 40
15160 138
15160 195
15160 202
14890 11
14890 34
14890 115
14890 119
14257 62
14257 230
14257 233
14257 237
14662 113
14662 158
14662 165
14662 217
14662 253
17139 320
17139 328
17139 329
14263 95
14263 191
14263 207
15550 4
15550 5
15550 10
15550 16
14335 287
14335 291
15017 95
14335 62
14335 103
14335 131
14335 148
14335 190
14216 10
14216 29
14216 37
14216 62
15249 17
15249 23
15249 84
15249 87
14953 11
15799 41
15799 177
15799 255
17394 249
14187 62
14187 119
14187 132
16944 37
16944 137
16944 140
16944 152
16944 214
14830 50
15160 367
17524 219
17524 253
17524 260
17524 270
14770 85
14770 107
14770 114
14770 148
17394 8
17394 40
17394 43
17394 61
17394 147
17394 161
17394 163
17394 203
17394 216
14955 5
14955 61
14955 134
14335 231
14343 121
14343 309
17301 6
17301 9
17301 58
17301 68
17301 131
17301 135
17301 141
15093 40
15093 87
14712 37
14712 140
14712 161
14712 214
17524 40
17524 49
17524 102
17524 113
17524 173
14280 11
14280 43
14280 50
17440 33
17440 158
17440 178
14263 72
14263 248
14263 266
14886 4
15160 65
15160 149
15160 206
15160 281
15160 284
17467 7
17467 71
17467 89
17467 99
14216 12
14216 21
14216 55
14216 101
15017 7
15017 19
15017 79
15017 89
14886 11
14886 37
14886 57
14886 100
15017 6
15017 21
15017 67
14216 56
14216 73
14216 112
14216 114
14216 116
14263 261
15160 276
14438 6
14438 14
14438 83
14438 91
14438 94
14438 110
14438 227
14438 7
14438 23
14438 106
14438 165
14438 209
14438 219
14438 231
14662 58
14662 73
14662 157
14662 170
14662 207
15160 3
15160 145
15160 147
15160 388
14955 140
16122 2
16122 29
16122 131
16122 150
16122 220
16122 267
16122 288
16122 316
16122 445
16122 498
14772 142
14770 64
14770 200
14770 258
14770 280
14822 15
14822 16
14822 50
14955 80
14886 71
14886 102
14886 110
14886 114
14263 61
14263 155
14263 240
14343 27
14343 92
14343 93
14343 302
17440 24
17440 96
17440 141
17440 151
14263 1
14263 5
14263 274
14335 8
14335 30
14335 122
14335 296
14662 15
14662 75
14662 96
14662 97
14662 184
16956 2
16956 5
16956 8
16956 13
16956 14
16956 20
17394 73
17394 75
17394 89
17394 105
17394 110
17394 120
17394 141
17394 194
17144 44
17144 63
17144 67
17144 87
17144 122
17144 135
14335 89
14335 166
14335 182
14335 238
14335 253
17301 28
17301 52
17301 133
14587 34
14587 36
14587 42
14587 54
14587 61
14587 63
14587 83
14587 84
14587 89
14772 209
14280 19
14280 51
14280 56
14712 38
14712 49
14712 109
14712 182
14712 222
16946 293
16946 296
16946 299
14770 176
14770 212
14770 274
14770 305
17099 33
17099 39
17099 44
17099 62
17099 66
17099 83
17099 98
14187 75
14187 82
14187 103
17497 152
17497 219
17497 225
14590 3
14590 24
14590 75
14590 96
14590 112
14590 119
14590 128
17301 62
17301 110
17301 114
17301 140
14343 265
14343 310
16147 12
16147 71
16147 76
16147 107
16147 114
16147 224
16147 229
16147 235
14263 93
14263 121
14263 209
15093 10
15093 21
14335 32
14335 153
14335 207
14335 243
17139 135
17139 183
17139 295
17139 316
17139 326
14453 21
14453 92
14453 133
14453 152
14453 166
14453 177
17144 32
17144 69
17144 103
17144 142
17144 147
15093 25
15093 53
16122 1
16122 5
16122 115
16122 221
16122 246
16122 329
16122 394
16122 456
15051 9
15051 13
15051 21
14335 223
14438 21
14438 95
14438 102
14438 118
14438 139
14438 143
14438 212
16813 6
16813 8
16813 14
16813 32
16944 7
16944 68
16944 91
16944 118
16944 120
16944 194
16944 221
16944 224
16944 256
15550 2
15550 7
14890 19
14890 20
14890 67
15017 0
15017 29
15017 96
17524 38
17524 42
17524 84
17524 119
17524 129
14438 38
14438 176
17524 170
17524 175
15799 38
15799 204
15799 244
15799 276
16122 143
16122 347
16122 413
14890 5
14890 18
14890 97
17144 26
17144 52
17144 72
17144 173
17144 188
17139 42
17139 198
17139 219
17139 274
14263 8
14263 91
14263 301
14263 319
15799 107
15799 189
15799 56
15799 80
15799 104
15799 115
15799 158
15799 160
15799 232
14216 18
14216 54
14216 103
14216 104
14453 7
14453 71
14453 120
14453 128
14453 140
14453 148
14453 185
14453 199
14886 9
14886 24
14886 83
16453 87
16453 107
16453 113
16453 139
16453 248
14712 201
16555 161
16555 176
17139 5
17139 24
17139 192
17139 210
17139 221
17139 250
17139 279
14886 121
14886 127
14886 130
14886 143
14587 118
14890 17
14890 39
14890 124
14343 182
14343 210
14343 251
14343 270
14712 7
14712 114
14712 143
14712 217
14712 232
16147 61
16147 193
17144 7
17144 12
17144 100
17144 186
16204 14
16204 47
16204 60
16204 67
16204 91
14216 66
14216 75
14216 108
14216 110
17524 59
17524 91
17524 101
17524 121
17524 137
14257 189
15222 0
15222 127
15222 174
15222 208
14280 6
14280 54
14280 68
14981 64
14981 259
17557 40
17557 57
17557 62
17557 167
14770 37
14770 69
14770 106
14770 149
14770 226
15799 11
15799 54
15799 112
15799 184
14770 9
14770 164
14770 218
14770 283
15799 221
15799 234
15799 239
15799 256
14981 49
14981 143
14981 160
17557 9
17557 24
17557 97
17557 107
17557 123
16122 100
16122 123
16122 175
16122 225
16122 272
16122 297
16122 421
15799 72
15799 109
15799 140
15799 174
15799 179
15799 205
15799 242
15017 11
15017 27
15017 63
15017 136
14830 17
14830 22
14830 37
17144 5
17144 6
17144 166
17144 176
16258 1
16258 9
16258 20
16258 24
16258 34
16258 42
17467 1
17467 12
17467 62
14263 139
14263 184
14263 247
14257 40
14257 133
14257 137
14257 141
14257 143
16258 13
16258 61
16258 67
15018 7
15018 8
15018 11
14955 51
14955 96
14955 109
15799 84
15799 202
15799 237
17557 18
17557 45
17557 153
17557 155
17557 165
14438 181
14438 206
14438 221
14886 22
14886 85
14886 116
17524 240
17524 268
17524 281
17524 288
14955 103
14955 114
14955 115
14955 127
15093 17
15093 22
16231 6
16231 36
16231 53
16231 62
16231 75
15093 30
15093 98
14772 7
14772 132
14772 168
14772 182
14772 278
14772 3
14772 10
14772 13
14772 35
14772 172
14772 265
17301 130
17301 139
17394 10
17394 15
17394 32
17394 65
17394 90
17394 96
17394 106
17394 114
17394 121
17394 228
15093 65
15093 66
15799 21
15799 22
15799 66
15799 108
15799 124
16043 77
14438 183
14438 226
14438 281
16555 10
16555 56
16555 58
16555 144
16555 155
14263 313
17301 26
17301 33
17301 45
17301 84
17301 88
17301 92
17301 109
14343 89
14343 292
14343 294
14335 36
14335 41
14335 52
14335 99
14335 210
14335 236
16147 152
16147 156
16147 399
15160 44
15160 128
14770 3
14185 1
14185 4
14185 16
14185 24
15160 152
14335 285
17467 52
17467 76
17467 78
17467 90
15093 46
15093 109
14263 35
14263 96
14263 125
14263 294
14955 50
14955 55
14955 71
14955 128
16953 19
14770 40
14770 146
14770 168
14770 197
14770 272
17497 25
17497 166
17497 243
16453 86
16453 128
16453 155
16453 261
15017 82
15017 140
15017 176
15799 68
15799 240
15799 259
15799 263
17524 61
17524 181
17099 43
16047 20
16047 39
16047 52
16047 53
17449 6
17449 7
17449 22
17449 42
17449 47
17497 38
17497 120
17497 122
17497 167
14216 8
14216 111
14216 113
16147 5
16147 21
16147 42
16147 77
16147 166
16147 199
14886 27
14886 40
14886 95
17524 17
17524 33
17524 35
17524 99
14822 0
14822 28
14822 32
14822 43
16453 284
16453 352
16453 363
16453 382
17301 63
14280 64
14216 2
14216 115
16976 14
16976 49
16976 68
16976 101
16976 112
16976 119
16976 128
14770 208
14770 229
14770 255
14770 281
15160 336
15799 29
15799 32
15799 55
15799 69
15799 106
15799 155
15799 156
14280 77
16047 2
16047 19
16047 43
16047 58
15160 337
15160 355
17144 2
17144 23
17144 79
17144 81
17144 119
17144 155
14955 23
14955 56
14955 102
17557 32
17557 64
17557 72
17557 86
17557 111
17308 61
17308 142
17308 164
14772 129
14772 216
14772 235
14772 246
14257 164
14257 239
14890 42
14890 91
14890 126
14772 93
14772 143
14772 225
14772 239
14772 243
16944 51
16944 80
16944 145
16944 176
16944 181
16944 207
17301 17
17301 39
17301 53
17301 65
17301 86
17301 112
17301 127
14981 80
14981 131
14981 249
14981 69
14981 222
14981 244
14733 4
14733 50
14733 70
14733 71
14187 51
14187 100
14187 105
17557 2
17557 4
17557 8
17557 49
17557 94
17144 0
17144 8
17144 86
17144 129
14136 0
14136 5
14136 21
14136 54
16453 37
16453 187
16453 224
16453 279
16453 311
14438 54
14438 130
14438 133
14438 142
14438 213
14438 228
14438 267
15093 1
15093 105
17467 32
17467 40
17467 85
17467 93
17497 32
17497 107
17497 142
17497 177
14770 5
14263 130
14263 151
14263 161
14438 33
14438 82
14438 105
14438 185
14438 189
14438 191
14438 201
14438 223
16946 111
16946 288
16946 289
14890 57
14890 86
14890 102
14955 30
14955 40
14955 91
14955 132
14438 85
14438 147
14438 240
14886 140
14886 166
14886 49
14886 91
14886 96
14886 122
17557 96
17557 99
17557 150
17557 156
17557 161
15160 94
15160 148
15160 237
15160 334
17449 13
17449 58
16038 171
16038 177
16038 208
16038 212
17524 16
17524 39
17524 66
17524 69
15017 5
15017 58
15017 84
15017 116
14981 228
14453 65
14453 110
14453 119
14453 127
16944 9
16944 50
16944 104
16944 144
16944 228
17139 39
17139 104
17139 117
17139 147
17139 178
17139 200
17139 10
17139 263
16047 4
16047 23
16047 42
16047 59
17308 12
17308 26
17308 42
17308 64
17308 67
17308 88
17308 109
14770 96
14770 202
14770 228
14770 297
17139 214
17139 249
16038 12
16038 348
16038 400
16038 419
15160 2
15160 243
15160 251
15160 269
14263 147
14263 215
14263 265
15093 123
14343 223
14343 258
14343 259
14343 276
14263 204
14263 281
14263 290
14335 170
15832 6
15832 137
15832 168
15832 180
15017 201
17139 12
17139 50
17139 130
17139 140
17139 168
17139 213
17139 236
17139 271
16122 155
16122 190
16122 381
16122 532
17440 31
17440 35
17440 55
17440 56
14263 270
14257 22
14257 27
14257 53
14257 109
14257 121
14772 162
14772 175
14772 180
14772 283
16944 49
16944 59
16944 96
16944 102
16944 105
16944 175
16944 235
16944 291
14981 85
14981 178
14981 223
16258 5
16258 30
16258 39
16258 40
16258 49
16066 1
16066 3
16066 4
16066 17
16066 29
16066 46
14438 27
14438 112
14438 239
14257 26
14257 116
14257 132
14257 166
14257 190
14981 19
14981 152
14981 236
17467 10
17467 29
17467 65
17467 73
17076 0
17076 1
17076 2
17076 3
17076 4
17076 5
17076 6
17076 8
16258 4
16258 15
16258 41
16258 43
16258 52
16258 65
17524 51
17524 112
17524 143
17524 176
16066 5
16066 7
16066 10
16066 36
16066 38
16066 45
16953 0
16953 1
16953 5
16953 14
16953 24
14438 16
14438 251
14438 285
14712 41
14712 86
14712 110
14712 120
15051 2
15051 3
15051 10
14438 60
14438 114
14438 121
14438 126
14438 150
14438 159
14438 167
14438 170
14263 123
14263 182
14263 299
14981 206
16212 12
16212 45
16212 48
16212 57
16204 38
16204 70
16204 87
16204 88
16204 93
16204 99
14981 66
14981 78
14981 147
14770 18
14770 53
14770 65
14770 86
14770 263
14770 130
16683 45
16683 48
16453 83
16453 202
16453 225
16453 283
16453 324
14981 157
14981 187
14981 221
15160 247
15160 260
15160 290
15160 357
15093 14
15093 111
15093 26
15093 27
17497 5
17497 162
17497 173
17196 15
17196 35
14733 28
14733 30
14733 39
14733 69
14662 88
14662 121
14662 233
14662 256
14772 191
14822 51
14770 72
14770 131
14770 207
14770 266
15799 42
15799 43
15799 125
15799 138
15799 185
15799 196
15799 209
14772 0
14772 164
14772 219
14772 233
14662 60
14662 66
14662 236
14662 243
15093 56
15093 100
15249 32
15249 125
15249 134
15249 145
17449 59
15093 0
15093 108
16147 41
16147 47
16147 95
16147 153
16147 284
16147 338
16147 339
16038 9
16038 103
16038 133
16038 352
16038 404
15832 84
15832 156
15832 173
14343 19
14343 253
14343 317
14981 39
14981 126
14981 153
14890 9
14890 43
14890 108
14335 179
14335 297
14263 67
14263 173
14263 222
14335 78
14335 244
14335 259
14335 269
14280 4
14280 8
14280 16
14280 34
16147 18
16147 38
16147 39
16147 179
16147 303
16147 334
15093 15
15093 68
14981 45
14981 92
14981 230
14590 97
14590 109
14280 21
14280 63
14280 72
15160 141
15160 267
15160 278
15160 308
14890 31
14890 38
14890 96
15093 34
15093 113
14662 37
14662 38
14662 246
14662 266
16976 10
16976 33
16976 41
16976 99
16976 102
16976 141
16976 145
14770 38
14770 42
17394 242
16038 95
16038 139
16038 265
16038 329
16038 370
17467 80
17467 104
17099 6
17099 109
17099 115
17308 55
17308 131
17308 165
15832 13
15832 57
15832 86
15832 94
15832 130
15832 136
15832 142
15093 16
15093 90
17467 97
17467 112
17224 56
14981 32
14981 146
14981 166
14822 57
14770 29
14770 243
16976 48
16976 61
16976 81
16976 96
16976 118
16976 122
17440 12
17440 13
17440 108
17440 162
14886 0
14886 58
14886 93
14886 138
14712 55
14712 122
14712 126
14712 178
14712 239
14772 26
14772 88
14772 100
14772 202
14772 203
14772 282
14981 9
14981 63
14981 135
14263 81
14263 164
14263 305
14187 45
14187 125
14187 135
16040 30
16040 34
16040 41
16040 114
14187 32
14187 61
14187 73
14185 0
14185 36
17557 79
17557 89
17557 149
17557 152
17557 163
17394 13
17394 44
17394 62
17394 83
17394 111
17394 180
17394 188
17394 205
14187 36
14187 66
14187 77
14453 63
14453 178
17524 22
17524 57
17524 78
17524 124
14712 10
14712 132
14712 176
14712 212
14955 20
14955 113
14955 122
17524 4
17524 171
17144 13
17144 36
17144 169
17144 171
17144 175
17557 80
17557 84
17557 85
17557 95
14343 318
17139 13
17139 81
17139 220
17139 307
14438 113
14438 162
14438 164
14438 203
14438 234
14438 237
14263 172
15017 184
14187 121
14187 129
14981 33
14981 51
14981 107
17524 204
17524 210
17524 239
17524 264
14890 123
14890 130
14890 131
16122 6
16122 232
16122 406
16122 473
15160 70
15160 158
15160 231
15160 302
14712 91
14712 219
14712 235
14712 249
16231 5
16231 16
16231 96
16231 149
15017 44
15017 86
15017 91
15017 157
17449 4
17449 9
17449 11
17449 19
17449 37
14335 26
14335 42
14335 229
14335 245
15160 6
15160 144
15160 217
15160 252
15160 324
16453 267
16453 327
16453 335
16453 349
16453 358
14453 17
14453 31
14453 39
14453 98
14453 99
14453 109
14453 141
14263 48
14263 126
14263 170
14263 252
15017 49
15017 122
15017 169
15017 171
14886 28
14886 154
16038 296
14772 28
14772 67
14772 72
14772 185
14772 262
16066 0
16066 14
16066 16
16066 24
16066 35
16066 42
16453 15
16453 167
16453 193
16453 288
16453 307
14343 26
14343 190
14343 271
14343 291
17139 68
17139 160
17139 175
17139 186
17139 201
17139 255
17139 309
14263 71
14263 120
14263 277
15160 121
15160 122
15160 223
17524 20
17524 29
17524 43
17524 47
17524 118
14770 77
14770 84
14770 91
14770 193
16038 188
16038 214
16038 230
16038 306
14438 40
14438 68
14438 81
14438 187
14438 199
14438 222
14453 40
14453 113
14587 10
14587 24
14587 38
14587 52
14587 58
14587 60
14587 74
14587 82
14587 94
14587 117
16659 23
14981 12
14981 94
14981 127
16793 26
16793 50
16793 55
16793 62
14263 4
14263 59
14263 100
14662 24
14662 48
14662 91
14662 102
14662 136
14662 189
16555 60
16555 65
16555 82
16555 136
15832 2
15832 10
15832 19
15832 64
15832 102
15832 172
15017 48
15017 138
15017 139
14185 31
17308 150
17308 159
16946 27
16946 187
16946 204
14587 13
14587 29
14587 44
14587 46
14587 53
14587 79
14587 88
14587 95
14587 101
14587 103
15160 255
15160 366
15160 369
15160 389
14263 54
14263 134
14263 236
16231 52
16231 64
16231 92
16231 101
16231 129
14335 22
16813 2
16813 11
16813 19
16813 25
14712 30
14712 83
14712 130
14712 188
14712 199
14770 21
14770 220
14770 246
14770 261
14136 16
14136 22
14136 57
14343 24
14343 59
14343 85
14343 295
15160 179
15160 344
14263 107
14263 213
14263 249
14263 291
14263 297
14263 325
17440 61
17440 90
17440 92
17440 94
17440 127
17440 140
17440 166
14257 52
14257 140
14257 225
14257 238
15160 32
15160 96
15160 224
15160 275
16038 20
16038 140
16038 161
16038 250
16038 406
14822 9
14822 13
17524 189
17524 244
17524 251
17524 294
14772 32
14772 57
14772 217
14772 256
14772 261
15017 174
17524 197
17524 214
17524 215
17524 275
17524 304
15832 88
15832 108
15832 139
14662 33
14662 34
14662 59
14662 128
14662 133
14662 154
14662 261
17099 114
15222 3
15222 6
15222 8
15222 24
15222 47
15222 103
15222 106
15222 195
15222 201
15222 210
14662 119
14662 186
14662 240
14662 257
16944 19
16944 111
16944 272
16944 90
16944 126
16944 299
17144 3
17144 22
17144 95
17144 125
17144 138
17144 149
14343 111
14343 168
14343 269
14981 29
14981 55
14981 231
17449 20
17449 29
17449 32
17449 44
14453 11
14453 34
14453 37
14453 48
14453 107
14453 126
14453 130
14453 158
15832 40
15832 60
15832 62
15832 91
15832 118
15832 159
17394 31
17394 51
17394 76
17394 85
17394 92
17394 93
17394 118
17394 133
16122 322
16122 451
17139 163
17139 234
17139 321
16147 0
16147 118
16147 119
16147 138
16147 250
16147 252
16147 325
15160 4
15160 123
15160 187
15160 266
16944 48
16944 178
16944 286
14772 83
14772 133
14772 146
14772 171
14772 285
14343 32
14343 36
14343 44
14343 140
15160 8
15160 172
15160 229
15160 301
15160 168
15160 210
15160 326
15160 385
15017 13
15017 165
15017 178
15017 188
14280 14
14280 27
14280 33
14770 23
14770 105
14770 109
14770 157
14830 15
14830 19
14830 26
17557 33
17557 77
17557 110
17557 139
14136 28
14136 29
14136 39
14280 15
14280 17
14280 40
14280 58
16147 7
16147 17
16147 24
16147 33
16147 137
16147 313
16147 323
15017 45
15017 135
15017 167
14587 1
14587 2
14587 14
14587 25
14587 32
14587 59
14587 67
14587 92
16555 142
16555 162
16122 234
16122 345
15550 6
15550 9
15550 11
15550 14
14712 93
14712 211
14712 227
14712 233
14712 243
17144 35
17144 82
17144 127
17144 187
17099 40
17099 41
17099 48
17099 64
17099 70
17099 72
17099 81
17099 97
14187 28
14187 69
14187 101
14263 3
14263 24
14263 167
14263 292
16231 13
16231 127
16231 165
16231 169
16231 171
17223 7
17223 9
17223 14
17223 15
14590 103
14590 124
15249 3
15249 69
15249 74
17196 0
17196 6
17196 9
17196 31
17196 36
17196 39
17196 49
17196 50
14187 76
14187 95
14187 123
14280 22
14280 42
14280 47
16038 43
16038 79
16038 144
16038 224
16038 295
14955 3
14955 7
14955 130
15160 277
15160 372
17497 41
17497 189
15017 90
15017 108
15017 121
15017 123
14187 16
14187 94
14187 126
17497 43
17497 102
17497 113
15160 30
15160 72
15160 80
15160 132
15160 203
14335 3
14335 61
14335 69
14335 203
15017 8
15017 20
15017 61
14772 54
14772 101
14772 112
14772 150
14772 249
14263 32
14263 49
14263 50
14343 33
14343 115
14343 165
14343 171
16066 20
16066 34
16066 39
16066 41
14453 197
14257 8
14257 49
14257 168
14257 205
14257 218
14343 118
14343 206
14343 247
17394 2
17394 37
17394 69
17394 74
17394 117
17394 155
17394 171
17394 173
17394 183
14955 172
15832 61
15832 71
15832 148
17380 56
15017 62
15017 78
15017 118
14343 29
14343 139
14343 162
14343 221
15832 43
15832 48
15832 55
14257 11
14257 90
14257 114
14257 170
14257 226
15222 44
15222 56
15222 74
15222 104
15222 117
15222 215
15222 219
15222 235
15222 239
14770 113
14770 160
14770 165
14770 244
16122 113
16122 151
16122 236
16122 309
16122 393
16122 399
16122 403
14662 2
14662 3
14662 135
14662 239
14662 252
14187 10
14187 38
14187 110
14590 71
14590 143
15093 121
15093 122
14216 17
14216 49
14216 60
14216 64
14216 82
14216 83
15160 146
15160 167
15160 228
15160 232
15160 310
14886 66
14886 67
14886 117
14886 155
14335 56
14335 187
14335 215
14335 240
17139 109
17139 122
17139 157
14187 19
14187 48
14187 96
14712 11
14712 99
14712 160
14712 172
14712 202
15799 64
15799 90
15799 235
14955 17
14955 48
14955 123
15160 193
15160 360
14263 108
14263 199
14263 251
14263 36
14263 115
14263 276
17139 48
17139 57
17139 141
17139 154
17139 199
17139 257
17139 258
14257 87
14257 89
14257 105
14257 181
15222 85
15222 105
15222 173
15222 192
15222 194
15222 200
17224 4
17224 18
17224 48
17224 52
15799 102
15799 167
15799 251
14187 60
14185 23
14185 28
14185 29
17557 169
16453 0
16453 125
16453 317
16453 334
14981 176
14981 245
14187 55
17467 77
17394 1
17394 38
17394 55
17394 82
17394 153
17394 210
17394 241
17394 247
17394 248
14187 37
17497 18
17497 26
17497 36
17497 88
17497 124
17467 41
17467 111
15160 10
15160 173
15160 286
15160 325
14770 76
14770 116
14770 150
14770 292
14890 125
14886 53
14886 94
14886 107
14886 128
15018 12
15018 13
14438 90
14438 96
14438 111
14770 104
14770 215
14770 224
14770 291
14886 18
14886 21
14886 157
14886 175
14343 82
14343 237
14343 248
16038 111
16038 118
16038 285
16038 341
16038 377
14770 83
14770 95
14770 120
14770 137
14770 279
17524 45
17524 67
17524 86
17524 155
17524 169
14981 151
14343 14
14981 171
14981 201
14981 202
16038 94
16038 114
16038 217
16038 355
16038 384
16147 23
16147 109
16147 115
16147 129
16147 189
16147 260
16147 292
15160 93
15160 196
15160 230
15160 327
15799 23
15799 39
15799 100
15799 163
15799 169
15799 199
15799 212
17144 17
17144 27
17144 80
17144 152
17144 156
14263 317
14770 14
14770 63
16231 8
16231 12
16231 32
16231 114
16231 136
16231 156
15438 3
15438 7
15438 9
15438 12
15438 13
15222 69
15222 75
15222 78
15222 96
15222 97
15222 116
15222 129
15222 169
15222 206
15222 237
15093 38
15093 80
15799 5
15799 36
15799 123
15799 168
15799 197
15799 225
15799 243
17497 74
17497 139
17497 192
17497 218
16147 11
16147 135
16147 160
16147 285
16147 314
16147 346
14770 80
14770 237
14770 264
14770 288
14770 290
15160 22
15160 26
15160 185
15160 293
15160 307
17139 204
17139 331
17139 333
16122 41
16122 53
16122 310
16122 367
16122 375
16122 389
14343 30
14343 74
14343 240
14343 246
17497 69
17497 207
17497 214
15160 73
15160 75
15160 130
15160 208
15160 239
17497 83
17497 245
17497 248
15017 71
15017 98
15017 166
14733 9
14733 22
14733 24
14733 46
14733 55
15288 2
15288 3
15288 6
15288 9
17524 28
17524 32
17524 82
17524 152
17524 162
15017 60
15017 85
15017 192
14662 114
14662 122
14662 258
14662 270
15222 110
15222 114
15222 118
15222 119
15222 157
15222 161
15222 164
15222 167
15222 189
15222 202
17524 213
17524 234
17524 249
17524 265
17524 282
14770 262
14770 265
14438 37
14438 235
14438 256
14438 282
14187 67
17557 29
17557 106
17557 108
17557 128
17440 48
17440 71
17440 80
17440 118
17440 126
17440 159
17308 21
17308 27
17308 39
17308 62
17308 71
17308 104
17308 112
14343 65
14343 68
14343 78
14343 150
15017 87
15017 110
15017 144
15017 173
14136 68
14136 72
14335 11
14335 33
14335 35
14335 162
14343 63
14343 142
14772 18
14772 27
14772 45
14772 292
17139 49
17139 128
17139 145
17139 150
17139 195
17139 205
17144 38
17144 98
17144 132
17144 136
17144 146
17144 158
14890 24
14890 78
14890 87
15160 42
15160 131
15160 166
15160 176
15160 377
14981 61
14981 101
14981 195
17099 13
17099 35
17099 47
17099 63
17099 68
17099 73
17099 104
17099 108
14822 4
14822 22
14822 33
15799 26
15799 190
15799 267
17139 47
17139 283
17139 286
17467 11
17467 15
17467 36
17467 102
14263 19
14263 195
14263 211
14886 52
14886 60
14886 139
14335 167
14981 207
14981 235
14981 241
16212 29
16212 66
16212 74
16212 76
17524 225
17524 248
17524 277
17524 278
14981 34
14981 204
14662 105
14662 123
14662 192
14662 238
14662 247
17497 30
17497 60
17497 81
17497 136
15160 399
16793 12
16793 24
16793 33
16793 52
14453 0
14453 3
14453 36
14453 52
14453 101
14453 147
14453 156
14453 175
17524 221
17524 259
17524 269
17524 272
17524 283
14438 35
14438 45
14438 74
14438 80
14438 116
14438 132
14438 155
14438 250
15799 15
15799 73
15799 97
15799 127
15799 187
15799 222
15799 271
17524 182
14453 209
14453 214
14772 20
14772 42
14772 106
14772 169
14772 229
14216 5
14216 33
14216 35
14216 48
14216 70
16944 89
16944 113
16944 173
16944 197
16944 213
14890 12
14890 105
14890 112
15093 37
15093 75
17139 191
17139 247
17139 292
17139 16
17139 19
17139 21
17139 79
17139 95
17139 119
14772 30
14772 80
14772 111
14772 140
14772 206
17394 27
17394 54
17394 68
17394 126
17394 138
17394 142
17394 167
17394 172
17394 181
17394 199
14981 42
14981 99
14981 220
16040 4
16040 9
16040 50
16040 57
14257 7
14257 35
14257 42
14257 144
14257 229
17524 255
17524 296
17524 298
17524 310
17380 25
17380 27
14590 86
14590 131
14590 137
14590 138
14770 162
14770 173
14770 213
14770 233
14263 16
14263 278
17467 37
17467 45
17467 82
17467 91
14886 35
14886 42
14886 56
14886 62
14770 41
14770 43
16038 182
16038 228
16038 261
16038 290
16038 317
17139 45
17139 91
17139 209
17139 211
17139 228
17139 287
14712 33
14712 98
14712 103
14712 170
14712 196
14438 229
14438 248
14216 41
17497 2
17497 216
17497 233
17497 234
15222 28
15222 36
15222 51
15222 57
15222 63
15222 115
15222 152
15222 153
15222 179
15222 205
15160 102
15160 160
15160 213
15160 300
14955 6
14955 59
14955 83
14453 14
14453 58
14453 69
14453 84
14453 196
14453 198
14662 8
14662 32
14662 44
14662 182
17497 82
17497 168
17497 210
15093 72
15093 83
14257 85
14257 93
14257 99
14257 206
14257 216
15017 42
15017 64
15017 102
15017 120
14453 2
14453 8
14453 13
14453 86
14453 108
14453 202
14257 15
14257 19
14257 29
14257 41
14257 81
17099 22
17099 24
17099 107
15160 352
15160 358
14822 1
14822 36
14822 54
14955 21
14955 107
14955 142
17557 19
17557 25
17557 26
17557 113
17524 241
14343 53
14343 287
17524 109
17524 166
14263 20
14263 65
14263 223
17144 47
17144 65
17144 116
17144 130
17144 144
15093 9
15093 57
17380 4
17380 12
17380 14
17380 17
17380 30
17380 34
17380 41
17380 44
15249 44
15249 133
15160 139
15160 259
15160 262
15160 330
15160 350
17308 31
17308 163
16043 30
16043 41
16043 51
16043 74
16147 81
16147 88
16147 94
16147 100
16147 238
16147 326
16147 340
16147 347
16147 394
14955 38
14955 73
14955 106
14438 13
14438 50
14438 62
14438 76
14438 92
14438 122
14438 190
14438 200
15832 25
15832 28
15832 51
15832 74
15832 99
15832 114
15832 161
15832 165
14770 33
14770 73
14770 97
14770 276
14890 132
14890 134
15027 1
15027 4
17308 52
17308 126
17308 153
16147 46
16147 121
16147 176
16147 187
16147 200
16147 268
16147 298
17497 99
17497 163
17497 229
17394 12
17394 57
17394 59
17394 63
17394 128
17394 149
17394 182
17394 197
17394 207
17394 208
14822 11
14822 19
14822 45
15222 12
15222 16
15222 50
15222 52
15222 76
15222 81
15222 113
15222 131
15222 134
15222 143
14770 74
14770 94
14770 190
14770 298
14136 9
14136 19
14136 46
14981 16
14981 81
14981 162
14770 10
14770 47
14770 171
14770 240
15017 46
15017 57
15017 73
15249 1
15249 33
15249 71
15249 105
14590 40
14590 111
14136 7
14136 36
14136 52
14981 237
17557 70
17557 76
17557 105
17557 134
17557 145
17557 162
14185 5
14185 6
14185 8
16946 38
16946 41
16946 63
16946 70
16946 115
16946 214
14981 22
17497 12
17497 105
17497 178
17497 209
14187 41
14187 57
14187 87
14981 115
14981 177
14886 10
14886 39
14886 54
14263 23
14263 47
14263 210
14263 219
17196 1
17196 5
17196 8
17196 16
17196 29
17196 34
17196 40
17196 43
17196 48
15017 133
15017 159
14343 0
14343 120
14343 126
16040 39
16040 52
16040 56
16040 63
16040 104
17144 33
17144 46
17144 131
17144 148
14343 192
14343 312
15249 61
15249 81
15249 96
15249 106
16453 203
16453 376
16453 390
14187 89
14187 107
14187 113
14590 80
14590 125
14712 246
14772 2
14772 8
14772 75
14772 158
14772 208
14772 257
14772 271
14981 227
14981 240
14263 112
14263 114
14263 227
17308 122
17308 155
17308 160
16122 104
16122 181
16122 186
16122 218
16122 332
16122 391
16122 408
17497 85
17497 155
17497 187
16147 123
16147 266
16147 328
14438 5
14438 43
14438 55
14438 77
14438 247
14438 257
14438 263
14438 290
16946 88
16946 118
16946 175
16946 201
16946 225
14453 1
14453 103
14453 151
17524 81
17524 115
17524 126
17524 127
17524 132
17524 133
16946 5
16946 126
16946 203
16946 255
15799 9
15799 18
15799 86
15799 165
15799 193
15799 214
15799 275
16038 32
16038 84
16038 146
16038 201
16038 259
16038 280
14830 1
14830 7
14830 8
14662 273
14981 48
14981 74
14981 84
15222 25
15222 65
15222 71
15222 102
15222 125
15222 150
15222 172
15222 178
15222 181
15222 187
14981 20
14981 180
14981 191
17144 43
17144 90
17144 112
17144 123
17144 143
16147 395
14772 62
14772 84
14772 89
14772 110
14772 275
14662 43
14662 90
14662 145
14662 148
14662 200
14662 234
14257 92
16453 60
16453 111
16453 161
16453 181
16453 258
15160 71
15160 79
15160 125
15160 164
14890 15
14890 27
14890 106
17144 10
17144 54
17144 145
17144 172
15093 24
15093 93
14772 61
14772 134
14772 138
14772 151
14772 214
14772 254
16043 8
16043 26
16043 60
16043 70
16043 79
16122 35
16122 76
16122 86
16122 110
16122 274
16122 299
16122 497
14955 98
14955 99
14955 131
15160 49
15160 117
15160 235
15160 250
14772 31
14772 166
14772 244
14712 24
14712 69
14712 108
14712 119
14712 238
14712 250
14822 53
16683 25
16683 29
17497 114
17524 0
17524 71
17524 75
17524 136
14772 19
14772 148
14772 296
14772 297
14772 298
15799 117
15799 128
15799 130
15799 175
15799 210
15799 228
15160 18
15160 56
15160 133
15160 280
15093 3
15093 41
14830 30
14830 52
17394 14
17394 19
17394 30
17394 122
17394 139
17394 168
17394 185
17394 193
17394 204
17394 222
16122 122
16122 135
16122 365
16122 485
14712 26
14712 29
14712 106
14712 117
14712 148
17524 211
17524 217
17524 263
17524 287
17524 308
17497 17
17497 61
17497 119
17497 184
14890 28
14890 65
14890 90
17497 15
17497 143
17497 157
17497 202
15799 8
15799 62
15799 148
15799 149
15799 157
15799 208
15799 249
17497 127
17497 197
17497 206
17144 106
17144 114
17144 177
17144 180
17144 185
15018 2
15018 4
15018 10
14886 26
14886 134
14886 136
14712 68
14712 85
14712 141
14712 147
14955 19
14955 32
14955 46
14614 0
14614 2
14614 4
14187 15
14187 98
14187 99
16122 62
16122 89
16122 200
16122 263
16122 304
16122 333
16122 340
16122 407
14822 3
14822 25
14822 56
17394 5
17394 50
17394 104
17394 115
17394 170
17394 187
17394 217
17394 225
17557 0
14890 49
14890 100
14890 104
15160 104
15160 314
15160 342
15160 382
